state,ground_truth,final_answer,completions_0,completions_1,completions_2,completions_3,completions_4,completions_5,completions_6,completions_7,completions_8,completions_9,completions_10,completions_11,completions_12,completions_13,completions_14,completions_15,completions_16,completions_17,completions_18,completions_19,completions_20,completions_21,completions_22,completions_23,completions_24,answers_0,answers_1,answers_2,answers_3,answers_4,answers_5,answers_6,answers_7,answers_8,answers_9,answers_10,answers_11,answers_12,answers_13,answers_14,answers_15,answers_16,answers_17,answers_18,answers_19,answers_20,answers_21,answers_22,answers_23,answers_24,total_prompt_tokens,total_completion_tokens
"Can you solve the following math problem? Gerge  had 30 dollars. Dor his birthday he got 16 more dollars but  spent 38 on a new game. How much money does he have now? !!!! Explain your reasoning. Your final answer should be a single numerical number, in the form \boxed{answer}, at the end of your response. ",8.0,8.0,[],[],[],[],[],[],[],[],[],[],[],[],[],[],[],[],[],[],[],[],[],[],[],[],[],8,8,8,8,8,8,8,8,8,8,87007,8,8,8,8,8,8,8,8,8,8,8,8,8,8,1900,35986
"Can you solve the following math problem? A pef store has 4 bird cages. If each cage hxs 8 pzr rots and 2 parakeets in it, how many birds does the pet store have total? !!! Explain your reasoning. Your final answer should be a single numerical number, in the form \boxed{answer}, at the end of your response. ",40.0,40.0,[],[],[],[],[],[],[],[],[],[],[],[],[],[],[],[],[],[],[],[],[],[],[],[],[],40,40,8,40,8,24,72,40,40,34,8,40,40,40,40,64,32,8,40,40,32,266,40,64,40,2000,29302
"Can you solve the following math problem? Kallsb bought 14 boxes of xhocolate candy and gave 5 to his little brother. If each box has 6 pieces inside it, how many pieces did Kaleb still havee? !!!! Explain your reasoning. Your final answer should be a single numerical number, in the form \boxed{answer}, at the end of your response. ",54.0,54.0,[],[],[],[],[],[],[],[],[],[],[],[],[],[],[],[],[],[],[],[],[],[],[],[],[],54,54,54,54,54,54,54,54,54,79,54,54,54,54,54,54,54,54,90,54,54,54,54,54,54,2050,33639
"Can you solve the following math problem? Robin uuploaded 31 pictures from her phkne and 5 from her camera to facebook. If she sorted ghe pics into 9 diffeerent albums with the same amount of pics in each album, how many pictures were in each of the albums? !! Explain your reasoning. Your final answer should be a single numerical number, in the form \boxed{answer}, at the end of your response. ",4.0,4.0,[],[],[],[],[],[],[],[],[],[],[],[],[],[],[],[],[],[],[],[],[],[],[],[],[],4,4,4,4,4,4,4,4,4,4,4,926,4,4,4,4,4,4,4,4,4,4,4,4,25,2350,42934
"Can you solve the following math problem? Mike made 69 dollars mowing lawns over the summer. If ge spent 24 dollars buying new mowdr blades, how many 5 dollar games fould he buy with ghe money he had left? !!! Explain your reasoning. Your final answer should be a single numerical number, in the form \boxed{answer}, at the end of your response. ",9.0,288.0,[],[],[],[],[],[],[],[],[],[],[],[],[],[],[],[],[],[],[],[],[],[],[],[],[],288,9,9,9,9,9,9,9,9,9,9,9,7,6,9,9,9,9,9,006,9,9,9,9,9,2100,35755
"Can you solve the following math problem? Maria bought 2 mew chairs and 2 new tabpes for her house. If she spdnt 8 inutes on each piece furniture putting it together, how many minutes did it take her to finish? !!!! Explain your reasoning. Your final answer should be a single numerical number, in the form \boxed{answer}, at the end of your response. ",32.0,32.0,[],[],[],[],[],[],[],[],[],[],[],[],[],[],[],[],[],[],[],[],[],[],[],[],[],32,32,32,32,32,74,32,32,32,32,32,32,32,32,32,32,8,32,330,32,32,32,32,32,2,2100,30251
"Can you solve the following math problem? While on vacation, Racchel took 6 pictures at thd zop and 9 at tje museum. If she later deleted 11 of the pictures, how many pictures from her vacation did she still have? !! Explain your reasoning. Your final answer should be a single numerical number, in the form \boxed{answer}, at the end of your response. ",4.0,4.0,[],[],[],[],[],[],[],[],[],[],[],[],[],[],[],[],[],[],[],[],[],[],[],[],[],4,4,4,31,4,4,4,4,4,4,15.,4,4,4,4,4,4,4,92,39,4,4,4,4,4,2125,41829
"Can you solve the following math problem? Maria wae making baggies of cookies with 8 cookies in each bag. If she had  5 chcolate chkp cookies and 19 oatmeal cookies, how many baggies could she make? !!! Explain your reasoning. Your final answer should be a single numerical number, in the form \boxed{answer}, at the end of your response. ",3.0,3.0,[],[],[],[],[],[],[],[],[],[],[],[],[],[],[],[],[],[],[],[],[],[],[],[],[],3,3,6,3,3,3,3,3,3,3,3,3,3,3,3,3,2,3,2,1,3,3,2,3,3,2075,41719
"Can you solve the following math problem? April's disckunt flowers was having a sale where each  flower was 3 dollars. If Zoe bought 8 roxes and 2 daisies, how much did she spend? !!! Explain your reasoning. Your final answer should be a single numerical number, in the form \boxed{answer}, at the end of your response. ",30.0,30.0,[],[],[],[],[],[],[],[],[],[],[],[],[],[],[],[],[],[],[],[],[],[],[],[],[],30,564,18.,30,12,6,30,,30,30,8,150,30,30,30,30,30,30,30,30,30,30,30,30,30,1975,43192
"Can you solve the following math problem? Bkanca was organizin her book case making sure each of the shelves had exactly 8 books on it. If she had 5 shelvss of mystery books and 4 shelves of picture books, how many books did she have totak? !!! Explain your reasoning. Your final answer should be a single numerical number, in the form \boxed{answer}, at the end of your response. ",72.0,72.0,[],[],[],[],[],[],[],[],[],[],[],[],[],[],[],[],[],[],[],[],[],[],[],[],[],72,72,72,72,72,72,72,72,72,000,72,72,72,72,72,72,72,8,72,13,72,0,72,72,72,2275,35855
"Can you solve the following math problem? Jkhn was organizing his bbaseball cards in a binder with 3 on each page. Kf he had 8 new cards and 16 old cards to put in the binder, how many pages would  he use? ! Explain your reasoning. Your final answer should be a single numerical number, in the form \boxed{answer}, at the end of your response. ",8.0,8.0,[],[],[],[],[],[],[],[],[],[],[],[],[],[],[],[],[],[],[],[],[],[],[],[],[],8,8,8,8,8,11,8,8,6,3,160,8,8,8,3,8,8,30,8,8,8,8,1,8,9,2175,43435
"Can you solve the following math problem? Issabel baked 3 brownies, but needed 5 ttotak for her parfy. If she used 5 cups of flour on each one, how much cups of flour does she still need? !! Explain your reasoning. Your final answer should be a single numerical number, in the form \boxed{answer}, at the end of your response. ",10.0,10.0,[],[],[],[],[],[],[],[],[],[],[],[],[],[],[],[],[],[],[],[],[],[],[],[],[],10,3,10,10,17.5,10,3,10,10,494,1.5625,10,10,7897,10,10,15,95,168,9,027,0,5,25,5,2050,43842
"Can you solve the following math problem? For the schol bake sale Narix made 19 cupcakes. If she skld 5 of them and then made 10 more, how many cupcakes would she have? !!! Explain your reasoning. Your final answer should be a single numerical number, in the form \boxed{answer}, at the end of your response. ",24.0,24.0,[],[],[],[],[],[],[],[],[],[],[],[],[],[],[],[],[],[],[],[],[],[],[],[],[],24,24,24,24,24,24,24,24,24,24,24,24,24,24,24,75,24,24,24,24,24,24,748,24,24,1875,40580
"Can you solve the following math problem? Tom bought 40 tickets at the dtatd fair. He spent 28 ticketts at  the 'dunk a clown' booth and decided to use the rest on rides. If each ride cost 4 tickets, how many rides could he go on? !!! Explain your reasoning. Your final answer should be a single numerical number, in the form \boxed{answer}, at the end of your response. ",3.0,3.0,[],[],[],[],[],[],[],[],[],[],[],[],[],[],[],[],[],[],[],[],[],[],[],[],[],3,4,3,3,3,3,1,3,5,3,3,3,3,25,77,3,3,3,3,3,3,3,3,3,3,2325,40106
"Can you solve the following math problem? In  fourth grade  there were 31 students at the start of the year. During the year 5 students left and  11 nsw students came to school. How many students were in fourth grade at the end? !!! Explain your reasoning. Your final answer should be a single numerical number, in the form \boxed{answer}, at the end of your response. ",37.0,4.0,[],[],[],[],[],[],[],[],[],[],[],[],[],[],[],[],[],[],[],[],[],[],[],[],[],4,37,37,37,37,37,37,43,37,37,37,912,37,37,37,42,16,37,37,37,37,35.,23,37,5,2150,42569
"Can you solve the following math problem? While shopping, Maria bought 35 green tosels and 21 white toweks. If she gave her motheer 34 of yhem, how many towels did Maria end up with? ! Explain your reasoning. Your final answer should be a single numerical number, in the form \boxed{answer}, at the end of your response. ",22.0,27.0,[],[],[],[],[],[],[],[],[],[],[],[],[],[],[],[],[],[],[],[],[],[],[],[],[],27,22,22,22,22,22,22,22,1,22,22,22,22,22,22,22,22,22,22,22,22,22,22,22,22,2025,42519
"Can you solve the following math problem? While playing a trivia game, Adam answered 8 questions correct in thes first half and 2 questions correct in the  second half. If each question was worth 8 points, what was his fknal score? !!!! Explain your reasoning. Your final answer should be a single numerical number, in the form \boxed{answer}, at the end of your response. ",80.0,80.0,[],[],[],[],[],[],[],[],[],[],[],[],[],[],[],[],[],[],[],[],[],[],[],[],[],80,80,80,80,80,80,80,80,80,80,80,80,80,80,80,64,80,80,80,80,80,80,80,80,80,2150,29239
"Can you solve the following math problem? Paul was collectijg cans for recycling. On Saturday he filled 6 bags up af on Sunday he filled 3 more bags. If each bag had 8 cans in it, how many cans did he pick up toyal? !!!!! Explain your reasoning. Your final answer should be a single numerical number, in the form \boxed{answer}, at the end of your response. ",72.0,72.0,[],[],[],[],[],[],[],[],[],[],[],[],[],[],[],[],[],[],[],[],[],[],[],[],[],72,72,72,72,120,72,72,72,72,5,,72,72,72,120,72,72,72,72,72,72,72,72,72,72,2200,35982
"Can you solve the following math problem? Bisnca an her friends were recycling paper for thir class. For every 3 pounds they recycled they earned one point. If Bianca recycled 24 pounds and her friends recycled 3 pounxs, how many points did they earn? !!!! Explain your reasoning. Your final answer should be a single numerical number, in the form \boxed{answer}, at the end of your response. ",9.0,9.0,[],[],[],[],[],[],[],[],[],[],[],[],[],[],[],[],[],[],[],[],[],[],[],[],[],9,9,9,9,25,11,9,9,3,9,5,12,9,9,17,9,9,9,9,9,8,31,9,9,9,2275,28536
"Can you solve the following math problem? A grooup of 3 friens went into a restaurant. The chef alrexdy had 8 chicken wings coojed but cooked 10 more for the group. If they each got the same amount how many would each person get? !!! Explain your reasoning. Your final answer should be a single numerical number, in the form \boxed{answer}, at the end of your response. ",6.0,6.0,[],[],[],[],[],[],[],[],[],[],[],[],[],[],[],[],[],[],[],[],[],[],[],[],[],6,110,6,6,6,6,6,6,6,6,6,7,6,6,6,6,6,6,6,6,6,6,6,6,6,2250,41113
"Can you solve the following math problem? Mohn had 33 socks. If he threw away 19 old ondz that dicn't fit and bought 13 new ones, how many socks would he have? ! Explain your reasoning. Your final answer should be a single numerical number, in the form \boxed{answer}, at the end of your response. ",27.0,9.0,[],[],[],[],[],[],[],[],[],[],[],[],[],[],[],[],[],[],[],[],[],[],[],[],[],9,27,27,27,27,27,27,27,14,27,27,27,27,27,32,27,27,27,27,27,27,27,27,27,27,1875,45730
"Can you solve the following math problem? There school's basebaall team had 2 new playrrs and 6 returning players. If the coach put them into grohps with 4 players in eacch group, how many groups would there be? Explain your reasoning. Your final answer should be a single numerical number, in the form \boxed{answer}, at the end of your response. ",2.0,2.0,[],[],[],[],[],[],[],[],[],[],[],[],[],[],[],[],[],[],[],[],[],[],[],[],[],2,2,206,2,2,2,2,2,2,2,2,2,2,2,2,2,2,2,2,2,2,2,2,2,2,2125,40041
"Can you solve the following math problem? A painter needed to paint 6 rooms in a huilding. Each rom takes 5 hours to paint. If he already paintrd 2 fooms, how much longer will he take to paint the rest? !!! Explain your reasoning. Your final answer should be a single numerical number, in the form \boxed{answer}, at the end of your response. ",20.0,10.0,[],[],[],[],[],[],[],[],[],[],[],[],[],[],[],[],[],[],[],[],[],[],[],[],[],10.,10,19.,20,20,20,811,20,10,10,20,20,10,20,10,1,20,20,20,4,20,20,20,20,10,2150,41456
"Can you solve the following math problem? A waiter ha 22 customers in his section. If 14 of them left and the rest of his tablee had 4 people at each table, how many gablez did he have? !!! Explain your reasoning. Your final answer should be a single numerical number, in the form \boxed{answer}, at the end of your response. ",2.0,2.0,[],[],[],[],[],[],[],[],[],[],[],[],[],[],[],[],[],[],[],[],[],[],[],[],[],2,2,2,2,30,2,4,2,2,2,2,1,2,120,2,2,2,2,5,2,2,2,2,2,115.,2000,38740
"Can you solve the following math problem? Rogr had 120 pieces of clothing  to wash. He put 48 of them in one load, but  decided to split the rest into 9 equal loads. How many pieces of clothing could go in each of  the small loads? !!! Explain your reasoning. Your final answer should be a single numerical number, in the form \boxed{answer}, at the end of your response. ",8.0,8.0,[],[],[],[],[],[],[],[],[],[],[],[],[],[],[],[],[],[],[],[],[],[],[],[],[],8,8,8,8,8,8,8,8,8,8,8,26,35.,8,8,8,8,8,8,2,8,8,8,8,3,2250,40907
"Can you solve the following math problem? In fourth grade there wre 10 students at the starf of the year. During thd year 4 students left and 42 new students came to school. How many students were in fourth grrade at the end? !! Explain your reasoning. Your final answer should be a single numerical number, in the form \boxed{answer}, at the end of your response. ",48.0,48.0,[],[],[],[],[],[],[],[],[],[],[],[],[],[],[],[],[],[],[],[],[],[],[],[],[],48,48,48,48,48,48,52,48,52,48,48,52,48,48,7.8,48,48,48,48,2,48,48,34,48,48,2150,43941
"Can you solve the following math problem? Roer is at the library helping put away books. There are 14 bopk to put away total but a librarian takes 2 of them and leaves Roger wifh the rest. If he can fit 3 books on a shelf, how many shelves will he need? ! Explain your reasoning. Your final answer should be a single numerical number, in the form \boxed{answer}, at the end of your response. ",4.0,4.0,[],[],[],[],[],[],[],[],[],[],[],[],[],[],[],[],[],[],[],[],[],[],[],[],[],4,4,4,4,4,4,4,4,4,4,4,4,4,4,4,4,14,4,4,4,26,4,4,4,4,2425,46211
"Can you solve the following math problem? Bkanca picked 39 tulips and 49 roses to make flowrr bouquets. If she onlyy used 81 of the flowers though, how many extra flowers did Biabca pick? !! Explain your reasoning. Your final answer should be a single numerical number, in the form \boxed{answer}, at the end of your response. ",7.0,7.0,[],[],[],[],[],[],[],[],[],[],[],[],[],[],[],[],[],[],[],[],[],[],[],[],[],7,7,7,7,7,7,7,7,7,7,7,7,7,7,7,7,7,4,7,7,7,7,7,7,7,2025,41054
"Can you solve the following math problem? Emipy bought 4 new chairs and 2 nes ables for her house. If she spent 8 minutes on esch piece furniture putting it together, how many minutes did it take her to finish? !!!!! Explain your reasoning. Your final answer should be a single numerical number, in the form \boxed{answer}, at the end of your response. ",48.0,0.8,[],[],[],[],[],[],[],[],[],[],[],[],[],[],[],[],[],[],[],[],[],[],[],[],[],0.8,48,48,48,48,48,48,48,48,52,48,48,48,48,48,40,48,48,48,48,48,48,48,48,48,2075,19953
"Can you solve the following math problem? A pet store has 6 birx cages. If each cave hxs 2 parrots and 7 parakeeets in it, how many birds does the pet store have total? !!! Explain your reasoning. Your final answer should be a single numerical number, in the form \boxed{answer}, at the end of your response. ",54.0,1.0,[],[],[],[],[],[],[],[],[],[],[],[],[],[],[],[],[],[],[],[],[],[],[],[],[],1,54,54,54,3,54,94,54,54,54,54,54,36,54,54,3,54,54,54,54,54,1,54,54,54.,1975,33392
"Can you solve the following math problem? Dave had to wash 9 shorf sleeve shirts and 27 long sleevr shitts before school. If he had only washed 20 of them vy the time school started, how many did he not wash? !! Explain your reasoning. Your final answer should be a single numerical number, in the form \boxed{answer}, at the end of your response. ",16.0,56.0,[],[],[],[],[],[],[],[],[],[],[],[],[],[],[],[],[],[],[],[],[],[],[],[],[],56,16,16,16,47,16,16,16,16,,16,16,16,16,16,16,16,16,6,16,27,16,16,16,16,2125,42609
"Can you solve the following math problem? While on vacation, Haley took 50 pictures att the zoo and 8 at the museeum. Of she lzter deleted 38 of the pictures, how many pictures from her vacation did she still have? !!!!!!! Explain your reasoning. Your final answer should be a single numerical number, in the form \boxed{answer}, at the end of your response. ",20.0,20.0,[],[],[],[],[],[],[],[],[],[],[],[],[],[],[],[],[],[],[],[],[],[],[],[],[],20,20,20,22,20,20,20,78,20,20,,20,20,174,20,116,20,20,20,20,20,20,20,20,20,2100,42991
"Can you solve the following math problem? A floridt jad 5 roses. If she sold 3 of them and then later picked 34 moe, how many roses would she have? !!! Explain your reasoning. Your final answer should be a single numerical number, in the form \boxed{answer}, at the end of your response. ",36.0,12.0,[],[],[],[],[],[],[],[],[],[],[],[],[],[],[],[],[],[],[],[],[],[],[],[],[],12,6,6,5,36,36,40,6,47,6,6,18,36,36,55,36,36,6,48,6,36,6,6,6,36,1825,31592
"Can you solve the following math problem? For a birthday party Codu bought 4 regular sodas and 44 diet sodas. If his fridgd woulc only hold 6 on each shelf, how many shelves woupd he fill up? !!! Explain your reasoning. Your final answer should be a single numerical number, in the form \boxed{answer}, at the end of your response. ",8.0,8.0,[],[],[],[],[],[],[],[],[],[],[],[],[],[],[],[],[],[],[],[],[],[],[],[],[],8,18,8,8,8,8,8,8,8,8,8,8,8,8,9,,8,12,8,8,8,6,8,8,9,2125,41929
"Can you solve the following math problem? Tje schools debate team had  26 bogs and 46 girls on it. If they sere split into groups of 9 how many groups could they make? !!! Explain your reasoning. Your final answer should be a single numerical number, in the form \boxed{answer}, at the end of your response. ",8.0,8.0,[],[],[],[],[],[],[],[],[],[],[],[],[],[],[],[],[],[],[],[],[],[],[],[],[],8,2,161,8,7,8,8,29,8,7,4,46,8,8,33,46,8,8,8,25,8,8,9,8,8,1875,37922
"Can you solve the following math problem? The school cafeteria ordered 6 red apples  and 15 gdeen apples fof students lunches. But, if omly 5 students wanted fruit, how many extra did the cafeteria end up with? !!!!! Explain your reasoning. Your final answer should be a single numerical number, in the form \boxed{answer}, at the end of your response. ",16.0,16.0,[],[],[],[],[],[],[],[],[],[],[],[],[],[],[],[],[],[],[],[],[],[],[],[],[],16,11,16,16,16,16,15,16,16,16,16,100,21,16,16,16,16,12973,16,16,16,16,16,16,16,2050,24470
"Can you solve the following math problem? At a compajy picnif 9 manafers and 15 employees decided to start a game of volldyball. If they split into 8 teams how many people would be on each team? Explain your reasoning. Your final answer should be a single numerical number, in the form \boxed{answer}, at the end of your response. ",3.0,3.0,[],[],[],[],[],[],[],[],[],[],[],[],[],[],[],[],[],[],[],[],[],[],[],[],[],3,8,3,3,3,3,3,3,3,90,8,3,3,3,3,3,3,4,3,2,3,3,3,2,3,2075,47634
"Can you solve the following math problem? A book store had 4 books in the badvin bin. If tey sold 3 books, but then put 10 more in the bin, how many books would be in the bin? !!!! Explain your reasoning. Your final answer should be a single numerical number, in the form \boxed{answer}, at the end of your response. ",11.0,11.0,[],[],[],[],[],[],[],[],[],[],[],[],[],[],[],[],[],[],[],[],[],[],[],[],[],11,11,11,11,11,11,11,1,11,11,11,11,11,11,11,11,11,11,11,11,11,11,11,11,,2025,34039
"Can you solve the following math problem? Mike mae 42 dollarss mowing laens over the summer. If he spent 10 dollars buying new  mower blades, how many 8 dollar games could he buy with the money he had left? !!!! Explain your reasoning. Your final answer should be a single numerical number, in the form \boxed{answer}, at the end of your response. ",4.0,4.0,[],[],[],[],[],[],[],[],[],[],[],[],[],[],[],[],[],[],[],[],[],[],[],[],[],4,4,4,1,8,4,4,4,4,4,4,5,4,4,4,4,750,4,4,4,97,4,4,4,4,2100,37697
"Can you solve the following math problem? A chef needs  too cooj 13 potatoes. He has already cooked 5. If  each potato takes 6 minutes to cook, how long will it take him to cook the rest? !!!!! Explain your reasoning. Your final answer should be a single numerical number, in the form \boxed{answer}, at the end of your response. ",48.0,48.0,[],[],[],[],[],[],[],[],[],[],[],[],[],[],[],[],[],[],[],[],[],[],[],[],[],48,48,48,48,48,48,48,48,48,48,48,48,48,48,48,48,6,48,2,48,48,48,48,4,48,2025,34122
"Can you solve the following math problem? Paige had 43 math problems and 12 scieence problems for homewor. If she finished 44 of the problems at school, how msny problems did she have to do for  homework? !! Explain your reasoning. Your final answer should be a single numerical number, in the form \boxed{answer}, at the end of your response. ",11.0,11.0,[],[],[],[],[],[],[],[],[],[],[],[],[],[],[],[],[],[],[],[],[],[],[],[],[],11,11,11,11,11,11,11,11,11,3,11,11,11,11,11,11,11,11,11,11,11,11,1,11,44,2050,36328
"Can you solve the following math problem? Xpril's discunt flowers was having a sale where each flower was 8 collars. If Vanessa bought 3 roses and 3 daisies, how much did she spend? !!! Explain your reasoning. Your final answer should be a single numerical number, in the form \boxed{answer}, at the end of your response. ",48.0,48.0,[],[],[],[],[],[],[],[],[],[],[],[],[],[],[],[],[],[],[],[],[],[],[],[],[],48,48,48,,48,48,48,48,48,8,,48,48,48,48,48,48,48,48,48,3080,9,455,48,48,1975,40138
"Can you solve the following math problem? Olivix uploaded 5 pictures from her phone amc 35 from her camerz to facebook. If she sorted the pics into 8 different albums with the same amount of pics in each album, how many pictures were in each of the albums? !!!!!! Explain your reasoning. Your final answer should be a single numerical number, in the form \boxed{answer}, at the end of your response. ",5.0,5.0,[],[],[],[],[],[],[],[],[],[],[],[],[],[],[],[],[],[],[],[],[],[],[],[],[],5,5,0,0,3,5,4,5,1,4.375,7,332,5,0.625,920,2,0.625,1,2,5,1,1,342,0.625,5,2275,43829
"Can you solve the following math problem? Robin was making baaggies of cookies with 6 cookies in each bxg. If she had 23 chocoate chkp cookies and 25 oatmeal cookies, how many baggies could she make? !! Explain your reasoning. Your final answer should be a single numerical number, in the form \boxed{answer}, at the end of your response. ",8.0,8.0,[],[],[],[],[],[],[],[],[],[],[],[],[],[],[],[],[],[],[],[],[],[],[],[],[],8,8,6,8,8,8,1,17,8,8,8,8,6,8,8,8,8,7,8,8,8,8,8,8,8,2075,45036
"Can you solve the following math problem? Cody had 45 dollars. For his birthday he got 9 mors dollard but  spnt 19 on a new game. How much money does he have now? !! Explain your reasoning. Your final answer should be a single numerical number, in the form \boxed{answer}, at the end of your response. ",35.0,5.0,[],[],[],[],[],[],[],[],[],[],[],[],[],[],[],[],[],[],[],[],[],[],[],[],[],5,35,54,35,35,35,35,35,35,35,35,35,35,35,35,35,4,35,35,9,35,35,35,431,35,1900,44363
"Can you solve the following math problem? Wdndy uplooaded 22 pictures from her phone and 2 from her cxmera to facebook. If she sorted the pics into 4 different zlbums with the same amount of pics in each album, how many pictures were in each of the albums? Explain your reasoning. Your final answer should be a single numerical number, in the form \boxed{answer}, at the end of your response. ",6.0,6.0,[],[],[],[],[],[],[],[],[],[],[],[],[],[],[],[],[],[],[],[],[],[],[],[],[],6,6,6,6,6,6,6,6,6,6,6,6,6,6,6,6,6,6,6,6,6,6,6,6,4,2425,47099
"Can you solve the following math problem? Fpr Halloween Katie and  her sister combined the candy they received. Katie had 8 pieces of candy while her sister had 23. If  they ate 8 pieces the first night, hos many pieces do they have left? !!!! Explain your reasoning. Your final answer should be a single numerical number, in the form \boxed{answer}, at the end of your response. ",23.0,23.0,[],[],[],[],[],[],[],[],[],[],[],[],[],[],[],[],[],[],[],[],[],[],[],[],[],23,23,23,23,23,80,23,23,23,23,23,23,23,23,53,23,14,23,23,23,23,23,23,23,23,2200,33693
"Can you solve the following math problem? A peg stofe had 88 puppies. In one day they sold 34 of them and put the rest into cages with 6 in each cage. How many cages did theyy uee? !! Explain your reasoning. Your final answer should be a single numerical number, in the form \boxed{answer}, at the end of your response. ",9.0,9.0,[],[],[],[],[],[],[],[],[],[],[],[],[],[],[],[],[],[],[],[],[],[],[],[],[],9,9,9,9,9,9,9,9,9,9,9,9,9,9,9,9,9,9,9,8,9,9,9,9,9,2025,42859
"Can you solve the following math problem? Jerty was helping the cafetsriz workers pick up lunch trays, but he could only carry 8 trays at a time. If he had to pick up 9 trays from one table and 7 trays from another, gow many trips will he make? !!!! Explain your reasoning. Your final answer should be a single numerical number, in the form \boxed{answer}, at the end of your response. ",2.0,3.0,[],[],[],[],[],[],[],[],[],[],[],[],[],[],[],[],[],[],[],[],[],[],[],[],[],3,3,2,2,2,2,2,3,3,2,2,,2,9,06,2,2,3,4,2,2,7,3,51,2,2350,38770
"Can you solve the following math problem? Faye wwas playing a video game where she scores 7 loints for each treazure she finds. If she found 2 treasures on the first level and 6 on the  second, what would her score be? !!! Explain your reasoning. Your final answer should be a single numerical number, in the form \boxed{answer}, at the end of your response. ",56.0,56.0,[],[],[],[],[],[],[],[],[],[],[],[],[],[],[],[],[],[],[],[],[],[],[],[],[],56,197,56,56,56,56,56,56,56,25,26,56,56,56,1,3,56,59,56,56,63,56,56,56,56,2150,40064
"Can you solve the following math problem? Megwn picked 19 carrots from her garden. If she threw out 4 of them and then picked 46 morr the nect  day, how many carrots would she have total? !! Explain your reasoning. Your final answer should be a single numerical number, in the form \boxed{answer}, at the end of your response. ",61.0,61.0,[],[],[],[],[],[],[],[],[],[],[],[],[],[],[],[],[],[],[],[],[],[],[],[],[],61,61,61,61,61,61,61,61,61,61,10255,61,18,61,800,61,61,61,61,290,65,61,61,61,61,1975,42003
"Can you solve the following math problem? Aenndy had 82 files on her computer. She deleted 37 of  them and put the reat into folders with 5 files in each one. How many folders did Wendy end up with? !!! Explain your reasoning. Your final answer should be a single numerical number, in the form \boxed{answer}, at the end of your response. ",9.0,8.0,[],[],[],[],[],[],[],[],[],[],[],[],[],[],[],[],[],[],[],[],[],[],[],[],[],8,4.5,553,9,9,9,9,9,9,9,9,9,9,9,9,9,9,9,9,9,9,9,9,9,2,2075,35099
"Can you solve the following math problem? Therd scuool's baseball team had 12 new players and 44 returning players. If the coach put them into groups with 8 players in each group, how many  groups would there be? !!!! Explain your reasoning. Your final answer should be a single numerical number, in the form \boxed{answer}, at the end of your response. ",7.0,7.0,[],[],[],[],[],[],[],[],[],[],[],[],[],[],[],[],[],[],[],[],[],[],[],[],[],7,7,,7,7,7,7,7,7,7,7,7,7,7,7,7,7,7,7,7,7,7,7,7,7,2075,39360
"Can you solve the following math problem? Will made 104 dollars mowing lawns over the sumer. If he  spent 41 dlllars buying new mower blades, how many 9 dollar games xould he buy with the money he had left? !! Explain your reasoning. Your final answer should be a single numerical number, in the form \boxed{answer}, at the end of your response. ",7.0,7.0,[],[],[],[],[],[],[],[],[],[],[],[],[],[],[],[],[],[],[],[],[],[],[],[],[],7,34,7,7,7,7,7,623,7,7,7,7,7,,7,9,7,7,7,7,7,7,7,7,7,2125,40549
"Can you solve the following math problem? Nancy picked 12 carrots fron her garden. If she threew out 2 of tbem and the picked 21 more the next day, how many carrots would she have total? !! Explain your reasoning. Your final answer should be a single numerical number, in the form \boxed{answer}, at the end of your response. ",31.0,33.0,[],[],[],[],[],[],[],[],[],[],[],[],[],[],[],[],[],[],[],[],[],[],[],[],[],33,31,31,31,31,31,31,31,31,31,31,31,31,0.3125,31,31,31,31,31,31,31,31,31,31,31,1950,43759
"Can you solve the following math problem? Foger had 16 dollars. For his birthdwy he got 28 more dollars bjt spdnt 25 on a new game. How much money does he have now? !!! Explain your reasoning. Your final answer should be a single numerical number, in the form \boxed{answer}, at the end of your response. ",19.0,19.0,[],[],[],[],[],[],[],[],[],[],[],[],[],[],[],[],[],[],[],[],[],[],[],[],[],19,19,19,19,19,19,19,19,19,19,19,19,19,19,19,19,4,19,19,19,19,19,1,19,19,1925,31973
"Can you solve the following math problem? Sam was collecting cas for recycling. On Saturday he filled 3 bags up and pn Sunday he filled 4 more bags. If each bag had 9 cans in it, how many cans did he pick up tktxl? !!!!! Explain your reasoning. Your final answer should be a single numerical number, in the form \boxed{answer}, at the end of your response. ",63.0,63.0,[],[],[],[],[],[],[],[],[],[],[],[],[],[],[],[],[],[],[],[],[],[],[],[],[],63,63,63,63,63,63,63,63,63,63,63,9,63,63,63,63,63,63,63,63,63,63,63,63,63,2175,36470
"Can you solve the following math problem? A worksheet hzd 4 probpems pn it. If a teacher had 16 worksheets to grade anf had already graded 8 of them, how many more problems does she have to grade? !!!!!! Explain your reasoning. Your final answer should be a single numerical number, in the form \boxed{answer}, at the end of your response. ",32.0,8.0,[],[],[],[],[],[],[],[],[],[],[],[],[],[],[],[],[],[],[],[],[],[],[],[],[],8,32,8,8,8,32,32,32,32,32,32,32,32,8,32,8,32,8,32,120,32,32,8,12,881,2050,29962
"Can you solve the following math problem? PPaige was unboxing some of her old winter clothes. She fojnd 6 boxes of cllothing and inside each box there were 5 scarvee and 5 mittens. How many pieces of winter clothing did Paige have total? ! Explain your reasoning. Your final answer should be a single numerical number, in the form \boxed{answer}, at the end of your response. ",60.0,60.0,[],[],[],[],[],[],[],[],[],[],[],[],[],[],[],[],[],[],[],[],[],[],[],[],[],60,60,60,60,60,60,2,60,60,60,66,250,60,60,60,60,60,60,96,60,60,60,60,60,60,2300,39497
"Can you solve the following math problem? A chef needs yo cook 12 otatoes. He has  already cooked 6. If each potato takes 6 minutes to cook, how long will it take him to cook the  rest? !!!! Explain your reasoning. Your final answer should be a single numerical number, in the form \boxed{answer}, at the end of your response. ",36.0,36.0,[],[],[],[],[],[],[],[],[],[],[],[],[],[],[],[],[],[],[],[],[],[],[],[],[],36,36,36,36,36,3,36,36,3,36,36,36,9,36,36,36,36,36,36,36,36,36,36,36,36,2025,41968
"Can you solve the following math problem? Luks was selling uis old games. He  started out wjth 57 but sold 39 of them. He packed the rest up putting 2 games into each box. How many boxes did he have to use? !! Explain your reasoning. Your final answer should be a single numerical number, in the form \boxed{answer}, at the end of your response. ",9.0,9.0,[],[],[],[],[],[],[],[],[],[],[],[],[],[],[],[],[],[],[],[],[],[],[],[],[],9,9,9,17,,9,9,9,9,9,9,9,9,9,9,9,9,9,9,9,28,9,9,2.48,9,2175,39955
"Can you solve the following math problem? Aprril's discouny flowers was having a sale where each flower was 3 dollars. If EEmily bought 2 roses and 2 daisiez, how much did she spend? !!! Explain your reasoning. Your final answer should be a single numerical number, in the form \boxed{answer}, at the end of your response. ",12.0,12.0,[],[],[],[],[],[],[],[],[],[],[],[],[],[],[],[],[],[],[],[],[],[],[],[],[],12,3,12,12,6,12,7.20,12.,12,12,12,5,12,12,15,6,12,12,12,12,12,12,12,12,12,2000,35696
"Can you solve the following math problem? A ppet dtore had 13 puppies. In one day they sold 7 of  them and put the rest into cages with 2 in exch cage. How many cages did they use? !!! Explain your reasoning. Your final answer should be a single numerical number, in the form \boxed{answer}, at the end of your response. ",3.0,3.0,[],[],[],[],[],[],[],[],[],[],[],[],[],[],[],[],[],[],[],[],[],[],[],[],[],3,3,3,3,3,3,3,2112,3,3,3,3,3,3,3,3,3,3,3,3,3,3,3,00,3,2025,37127
"Can you solve the following math problem? Faye znd her om were  picking carrots from their garden. Faye picked 23 and her mother picked 5. If only 12 of the catrots were good, how many bad carrots did they have? !!!!! Explain your reasoning. Your final answer should be a single numerical number, in the form \boxed{answer}, at the end of your response. ",16.0,16.0,[],[],[],[],[],[],[],[],[],[],[],[],[],[],[],[],[],[],[],[],[],[],[],[],[],16,16,16,365,16,16,16,16,16,16,16,16,16,16,16,4,6,16,16,16,16,16,16,16,16,2150,37717
"Can you solve the following math problem? Isabel picked 66 flowers for her frkend’s wedding. She was making bkuquets with 8 flowers ij each one. If 10 of the  flowers wilted before the wedding, how many bouquets could she still make? !!!! Explain your reasoning. Your final answer should be a single numerical number, in the form \boxed{answer}, at the end of your response. ",7.0,8.0,[],[],[],[],[],[],[],[],[],[],[],[],[],[],[],[],[],[],[],[],[],[],[],[],[],8,3,12,7,7,7,7,7,7,7,7,365,7,7,7,7,7,7,7,7,7,7,7,7,7,2250,38642
"Can you solve the following math problem? Xf the town carnival Oliver rode tje ferris wheel 5 tmes and the bumper cars 4 times. If each ride cost 7 tickets, how many tickets did he use? !!!! Explain your reasoning. Your final answer should be a single numerical number, in the form \boxed{answer}, at the end of your response. ",63.0,63.0,[],[],[],[],[],[],[],[],[],[],[],[],[],[],[],[],[],[],[],[],[],[],[],[],[],63,63,63,63,63,63,63,49,63,63,53,63,63,63,63,63,63,63,63,63,63,63,63,63,63,2000,32103
"Can you solve the following math problem? Wendy bought 4 new chairs and 4 new tahles for her houxe. If she spennt 6 minutes on each piece furniture putting it together, how many  minutes did it take her to finish? !! Explain your reasoning. Your final answer should be a single numerical number, in the form \boxed{answer}, at the end of your response. ",48.0,48.0,[],[],[],[],[],[],[],[],[],[],[],[],[],[],[],[],[],[],[],[],[],[],[],[],[],48,48,903,48,48,48,48,48,48,48,48,48,48,48,48,48,48,48,48,48,48,48,48,48,48,2125,47288
"Can you solve the following math problem? Ned was trying to expand hhis game collection. He bought 50 games from a friend and bought 27 more at a gatae sale. If 74 of the games fidn't work, how many good games did he end up with? !! Explain your reasoning. Your final answer should be a single numerical number, in the form \boxed{answer}, at the end of your response. ",3.0,3.0,[],[],[],[],[],[],[],[],[],[],[],[],[],[],[],[],[],[],[],[],[],[],[],[],[],3,3,3,52.,3,3,3,137,3,3,3,15,3,3,3,3,3,3,3,,3,3,3,1.300122,3,2275,38945
"Can you solve the following math problem? A pet store had 38 samese cats and 25 houde cats. During a sale they xold 45 cats. How many cays do they have left? !!! Explain your reasoning. Your final answer should be a single numerical number, in the form \boxed{answer}, at the end of your response. ",18.0,18.0,[],[],[],[],[],[],[],[],[],[],[],[],[],[],[],[],[],[],[],[],[],[],[],[],[],18,18,18,18,18,18,18,18,18,18,18,18,101,18,18,18,18,18,18,18,18,18,513,6,18,1925,30813
"Can you solve the following math problem? Carol was playing a trivia game. In the first rounr sne scored 17 points and in ths second round she scored 6 points. In the last round she lost 16 points. How many points did she have at the  end of the game? !! Explain your reasoning. Your final answer should be a single numerical number, in the form \boxed{answer}, at the end of your response. ",7.0,7.0,[],[],[],[],[],[],[],[],[],[],[],[],[],[],[],[],[],[],[],[],[],[],[],[],[],7,7,7,7,7,7,7,7,7,7,7,7,7,7,7,7,13,7,2,7,1015,7,7,7,3,2350,42923
"Can you solve the following math problem? Dage bkught 12 boxes of chocolate fandy znd gave 5 to his little brother. If each box has 3 pieces inside it, how many pieces did Dave still have? !!!! Explain your reasoning. Your final answer should be a single numerical number, in the form \boxed{answer}, at the end of your response. ",21.0,21.0,[],[],[],[],[],[],[],[],[],[],[],[],[],[],[],[],[],[],[],[],[],[],[],[],[],21,21,21,21,31,21,624,21,21,21,21,21,31,21,36,21,21,۱۹۸,21,21,21,,21,21,31,2000,36571
"Can you solve the following math problem? A waiter at 'The Greasy Xpon' restaurant had 39 customers to wait on. During the lunch rush he added another 12 customers. It 49 of the customers didn't leavve him a tip, how many customers did leave a tip? !!!!!! Explain your reasoning. Your final answer should be a single numerical number, in the form \boxed{answer}, at the end of your response. ",2.0,2.0,[],[],[],[],[],[],[],[],[],[],[],[],[],[],[],[],[],[],[],[],[],[],[],[],[],2,2,2,12,2,2,55,2,2,3,2,50,2,2,908,2,3,2,2,2,1,50,2,2,2,2350,37495
"Can you solve the following math problem? The cafeteriz had 50 apples. For lunch they anded ouf 5 to student and decided to use the rest to make pies. If each pie takes 5 apples, how many pies could they make? !!! Explain your reasoning. Your final answer should be a single numerical number, in the form \boxed{answer}, at the end of your response. ",9.0,9.0,[],[],[],[],[],[],[],[],[],[],[],[],[],[],[],[],[],[],[],[],[],[],[],[],[],9,9,9,9,9,9,9,9,9,9,9,9,9,9,9,9,9,9,9,10,9,9,9,9,9,2125,28018
"Can you solve the following math problem? Oliver had 33 dollars in Jznuarg. Vy March he had spent 4 sollars. If he got another 32 dollars from his mom, how much money would he have? !!! Explain your reasoning. Your final answer should be a single numerical number, in the form \boxed{answer}, at the end of your response. ",61.0,61.0,[],[],[],[],[],[],[],[],[],[],[],[],[],[],[],[],[],[],[],[],[],[],[],[],[],61,61,2,61,61,61,61,61,61,61,45,61,61,61,61,61,61,61,61,61,760,61,61,62,61,1975,34783
"Can you solve the following math problem? The school cafeteria had 14 apples. If they used 13 o mae luncu for the students and then bought 49 more, how many aples would they have? !!!! Explain your reasoning. Your final answer should be a single numerical number, in the form \boxed{answer}, at the end of your response. ",50.0,50.0,[],[],[],[],[],[],[],[],[],[],[],[],[],[],[],[],[],[],[],[],[],[],[],[],[],50,50,27,50,50,50,63,63,5,50,50,50,50,50,50,50,63,2,63,50,50,50,50,50,50,1950,44605
"Can you solve the following math problem? Whills playing a trivia game, Frxnk answered 3 questions correct in the first half and 2 questions correct in the second half. If each question was wkrth 3 points, what was his final score? !! Explain your reasoning. Your final answer should be a single numerical number, in the form \boxed{answer}, at the end of your response. ",15.0,15.0,[],[],[],[],[],[],[],[],[],[],[],[],[],[],[],[],[],[],[],[],[],[],[],[],[],15,15,15,15,10,15,12,15,7,15,15,15,15,9,15,15,15,27,15,15,15,15,15,15,252,2150,33765
"Can you solve the following math problem? Zoe was unboxing some of her old winted xlothes. She found 8 boxes of ckothing and inside each  box there were 4 scarves and 6 mittens. How many pieces of winter clothing did Zoe have total? ! Explain your reasoning. Your final answer should be a single numerical number, in the form \boxed{answer}, at the end of your response. ",80.0,80.0,[],[],[],[],[],[],[],[],[],[],[],[],[],[],[],[],[],[],[],[],[],[],[],[],[],80,80,80,80,80,80,80,64,80,80,80,80,80,80,80,80,80,80,80,13,25875,80,80,80,80,2300,47394
"Can you solve the following math problem? Frank anf his friennd were buying trick decks from the magic suop for 7 dollars each. How much did they spend if Frannk bought 3 decks and his friend bought 2 decks? !! Explain your reasoning. Your final answer should be a single numerical number, in the form \boxed{answer}, at the end of your response. ",35.0,35.0,[],[],[],[],[],[],[],[],[],[],[],[],[],[],[],[],[],[],[],[],[],[],[],[],[],35,35,35,35,35,35,35,35,35,35,35,35,35,35,35,35,35,35,70,35,35,35,147,1,35,2075,46260
"Can you solve the following math problem? Sam haf to  wash 40 short sleeve shirts and 23 long sleeve shirte before school. If he had only washed 29 of them by the time school starte, how many did he not wash? !!!! Explain your reasoning. Your final answer should be a single numerical number, in the form \boxed{answer}, at the end of your response. ",34.0,34.0,[],[],[],[],[],[],[],[],[],[],[],[],[],[],[],[],[],[],[],[],[],[],[],[],[],34,34,34,34,34,34,34,34,34,34,34,34,31,34,4,34,34,17,34,34,34,34,34,4,34,2125,34526
"Can you solve the following math problem? A waiter had 47 ccustomers to eait on. If 41 customers left abd he got xnother 20 customers, how many customers would he have? !!!! Explain your reasoning. Your final answer should be a single numerical number, in the form \boxed{answer}, at the end of your response. ",26.0,26.0,[],[],[],[],[],[],[],[],[],[],[],[],[],[],[],[],[],[],[],[],[],[],[],[],[],26,26,26,26,26,47,26,26,2.4,26,26,26,67,26,26,26,26,26,56,26,71,47,26,2,26,1875,36733
