state,ground_truth,final_answer,completions_0,completions_1,completions_2,completions_3,completions_4,completions_5,completions_6,completions_7,completions_8,completions_9,completions_10,completions_11,completions_12,completions_13,completions_14,completions_15,completions_16,completions_17,completions_18,completions_19,completions_20,completions_21,completions_22,completions_23,completions_24,answers_0,answers_1,answers_2,answers_3,answers_4,answers_5,answers_6,answers_7,answers_8,answers_9,answers_10,answers_11,answers_12,answers_13,answers_14,answers_15,answers_16,answers_17,answers_18,answers_19,answers_20,answers_21,answers_22,answers_23,answers_24,total_prompt_tokens,total_completion_tokens
"Can you answer the following question as accurately as possible? Question: : The , set of ? integers Z , with the binary . : ! operation . ""*"" defined : ! as a*b =a +b+ 1 . for a, : b in Z, is a group. The identity element . of this ! , group is: 
 Choices: A) 0, B) 1, C) -1, D) 12. Briefly explain your reasoning. At the end, output only one final answer like \boxed{(A)}, \boxed{(B)}, \boxed{(C)}, or \boxed{(D)}.",C,,[],[],[],[],[],[],[],[],[],[],[],[],[],[],[],[],[],[],[],[],[],[],[],[],[],B,,,,B,B,B,A,,,,B,,A,,A,A,,A,A,A,A,D,A,A,3525,8753
"Can you answer the following question as accurately as possible? Question: Find the characteristic of ? the ! ; ring . Z_3 x 3Z.: 
 Choices: A) 0, B) 3, C) 12, D) 30. Briefly explain your reasoning. At the end, output only one final answer like \boxed{(A)}, \boxed{(B)}, \boxed{(C)}, or \boxed{(D)}.",A,B,[],[],[],[],[],[],[],[],[],[],[],[],[],[],[],[],[],[],[],[],[],[],[],[],[],B,D,B,D,C,B,B,D,B,D,A,B,,B,B,B,B,D,,B,A,A,B,A,B,2550,10862
"Can you answer the following question as accurately as possible? Question: ? Statement 1 | Some abelian ? group of order . 45 has ; a ? ? ? subgroup of , order 10. Statement 2 | A subgroup H of a . ; : group : . G , ? is . a normal subgroup ; if . : and only if thenumber of left . cosets of H : is ? equal to the number of right . cosets of H. .: 
 Choices: A) True, True, B) False, False, C) True, False, D) False, True. Briefly explain your reasoning. At the end, output only one final answer like \boxed{(A)}, \boxed{(B)}, \boxed{(C)}, or \boxed{(D)}.",B,C,[],[],[],[],[],[],[],[],[],[],[],[],[],[],[],[],[],[],[],[],[],[],[],[],[],C,A,A,C,B,A,D,A,B,C,A,B,B,D,C,B,D,C,B,A,C,A,B,D,A,4400,11018
"Can you answer the following question as accurately as possible? Question: Statement : 1 , , | Every integral domain ! , with characteristic 0 ? is ; infinite. ? Statement 2 ! | . Every ? integral domain with prime characteristic is finite.: 
 Choices: A) True, True, B) False, False, C) True, False, D) False, True. Briefly explain your reasoning. At the end, output only one final answer like \boxed{(A)}, \boxed{(B)}, \boxed{(C)}, or \boxed{(D)}.",C,D,[],[],[],[],[],[],[],[],[],[],[],[],[],[],[],[],[],[],[],[],[],[],[],[],[],,C,B,D,D,C,C,B,C,D,D,B,C,C,A,A,C,D,A,D,A,A,A,D,A,3100,7549
"Can you answer the following question as accurately as possible? Question: ! Let . : A and . B be sets, ? . f: A -> B , and ; g: : B -> A be : functions such that for ; all a \in A, g(f(a)) = a. Statement 1 | The , function f : must necessarily ! . be ; injective. Statement 2 | The function f must ? ; necessarily , be : surjective. , ; ,: 
 Choices: A) True, True, B) False, False, C) True, False, D) False, True. Briefly explain your reasoning. At the end, output only one final answer like \boxed{(A)}, \boxed{(B)}, \boxed{(C)}, or \boxed{(D)}.",C,A,[],[],[],[],[],[],[],[],[],[],[],[],[],[],[],[],[],[],[],[],[],[],[],[],[],A,A,C,B,A,A,A,A,A,B,C,A,C,A,C,A,A,A,B,C,A,A,D,A,D,4375,8053
"Can you answer the following question as accurately as possible? Question: Statement 1 | For any two groups G and ? : G', . ; there ! exists a ? ! ! homomorphism , ! of G into G'. ! Statement 2 | Every homomorphism ; : is a one-to-one map.: 
 Choices: A) True, True, B) False, False, C) True, False, D) False, True. Briefly explain your reasoning. At the end, output only one final answer like \boxed{(A)}, \boxed{(B)}, \boxed{(C)}, or \boxed{(D)}.",C,C,[],[],[],[],[],[],[],[],[],[],[],[],[],[],[],[],[],[],[],[],[],[],[],[],[],C,C,C,C,C,B,C,C,B,C,C,C,B,C,D,C,A,C,C,C,C,C,C,C,A,3425,6293
"Can you answer the following question as accurately as possible? Question: Statement 1 | A homomorphism . ; may have . an , empty kernel. : Statement 2 | ; : It is ; ? not possible to have . a nontrivial homomorphism of some ? finite group into some infinite group. ; . ! :: 
 Choices: A) True, True, B) False, False, C) True, False, D) False, True. Briefly explain your reasoning. At the end, output only one final answer like \boxed{(A)}, \boxed{(B)}, \boxed{(C)}, or \boxed{(D)}.",B,A,[],[],[],[],[],[],[],[],[],[],[],[],[],[],[],[],[],[],[],[],[],[],[],[],[],A,A,A,B,A,A,D,B,D,C,D,C,,A,A,A,B,A,A,A,A,D,D,A,A,3475,7330
"Can you answer the following question as accurately as possible? Question: Find all c in Z_3 such ! . , that Z_3[x]/(x^3 , . : + x^2 + c) is a ? field.: 
 Choices: A) 0, B) 2, C) 1, D) 3. Briefly explain your reasoning. At the end, output only one final answer like \boxed{(A)}, \boxed{(B)}, \boxed{(C)}, or \boxed{(D)}.",B,D,[],[],[],[],[],[],[],[],[],[],[],[],[],[],[],[],[],[],[],[],[],[],[],[],[],A,C,D,D,,A,,C,C,B,,A,B,,B,B,D,A,C,D,,B,D,B,C,2975,17219
"Can you answer the following question as accurately as possible? Question: Statement ! ? 1 | . If ! . , a R is an integral . . : domain, then R[x] . is an integral domain. Statement 2 | If R is ; a ring and f(x) , and g(x) are : in R[x], then ! deg ? ! (f(x)g(x)) = deg f(x) ; ; ! + deg g(x). ,: 
 Choices: A) True, True, B) False, False, C) True, False, D) False, True. Briefly explain your reasoning. At the end, output only one final answer like \boxed{(A)}, \boxed{(B)}, \boxed{(C)}, or \boxed{(D)}.",C,A,[],[],[],[],[],[],[],[],[],[],[],[],[],[],[],[],[],[],[],[],[],[],[],[],[],A,A,A,A,A,A,A,A,A,A,A,D,A,A,A,A,A,,A,A,A,A,A,A,D,4425,10501
"Can you answer the following question as accurately as possible? Question: Find the maximum possible , ; order for ! , ! some ! element of Z_8 x , Z_10 x Z_24.: 
 Choices: A) 8, B) 120, C) 240, D) 24. Briefly explain your reasoning. At the end, output only one final answer like \boxed{(A)}, \boxed{(B)}, \boxed{(C)}, or \boxed{(D)}.",B,C,[],[],[],[],[],[],[],[],[],[],[],[],[],[],[],[],[],[],[],[],[],[],[],[],[],C,D,B,C,,A,D,,C,A,C,,D,C,C,D,D,B,D,D,D,B,D,D,B,2925,12429
"Can you answer the following question as accurately as possible? Question: . Statement 1 | . , Every solvable ! group is of prime-power ; ; , , order. Statement 2 | Every , group of prime-power order is solvable. !: 
 Choices: A) True, True, B) False, False, C) True, False, D) False, True. Briefly explain your reasoning. At the end, output only one final answer like \boxed{(A)}, \boxed{(B)}, \boxed{(C)}, or \boxed{(D)}.",D,A,[],[],[],[],[],[],[],[],[],[],[],[],[],[],[],[],[],[],[],[],[],[],[],[],[],C,B,A,A,A,C,C,C,A,C,A,B,B,A,B,B,C,D,C,C,C,A,C,C,A,3225,6865
"Can you answer the following question as accurately as possible? Question: Find ? all c in Z_3 such : : that Z_3[x]/(x^3 + , . cx^2 , + 1) is a field. :: 
 Choices: A) 0, B) 2, C) 1, D) 3. Briefly explain your reasoning. At the end, output only one final answer like \boxed{(A)}, \boxed{(B)}, \boxed{(C)}, or \boxed{(D)}.",B,A,[],[],[],[],[],[],[],[],[],[],[],[],[],[],[],[],[],[],[],[],[],[],[],[],[],A,B,A,D,B,C,B,C,C,B,B,,D,B,C,,B,B,D,D,,D,B,A,B,3000,15796
"Can you answer the following question as accurately as possible? Question: In : : the group G = {2, 4, . 6, 8) under ? multiplication modulo , , ! ! 10, the identity element is: 
 Choices: A) 6, B) 8, C) 4, D) 2. Briefly explain your reasoning. At the end, output only one final answer like \boxed{(A)}, \boxed{(B)}, \boxed{(C)}, or \boxed{(D)}.",A,A,[],[],[],[],[],[],[],[],[],[],[],[],[],[],[],[],[],[],[],[],[],[],[],[],[],D,A,,,A,C,,D,C,B,A,,A,C,A,B,D,,,C,A,A,,B,D,3025,11159
"Can you answer the following question as accurately as possible? Question: Statement 1 | ? If ! ? G, ? H and K , are ; groups of order 4, at ? least two , of them are isomorphic. Statement : 2 | If ! ; . Z_r + Z_s is . isomorphic to a , ? : subgroup Z_m + Z_n, then r ! divides m and : s , ! divides ! n.: 
 Choices: A) True, True, B) False, False, C) True, False, D) False, True. Briefly explain your reasoning. At the end, output only one final answer like \boxed{(A)}, \boxed{(B)}, \boxed{(C)}, or \boxed{(D)}.",C,A,[],[],[],[],[],[],[],[],[],[],[],[],[],[],[],[],[],[],[],[],[],[],[],[],[],A,A,A,D,A,A,D,B,B,D,B,D,C,B,C,B,A,D,A,D,B,A,C,D,A,4275,11280
"Can you answer the following question as accurately as possible? Question: , Find the degree for the ; ; given field extension . Q(sqrt(2)) over Q. !: 
 Choices: A) 0, B) 2, C) 1, D) 3. Briefly explain your reasoning. At the end, output only one final answer like \boxed{(A)}, \boxed{(B)}, \boxed{(C)}, or \boxed{(D)}.",B,B,[],[],[],[],[],[],[],[],[],[],[],[],[],[],[],[],[],[],[],[],[],[],[],[],[],B,B,B,,B,C,B,C,B,B,C,B,C,B,C,B,B,D,B,B,B,B,B,B,,2625,6033
"Can you answer the following question as accurately as possible? Question: ; Statement ! . ! 1 ; , | Every free abelian , group is torsion free. Statement 2 | : Every finitely ; ? , generated torsion-free abelian group is ! a free abelian group.: 
 Choices: A) True, True, B) False, False, C) True, False, D) False, True. Briefly explain your reasoning. At the end, output only one final answer like \boxed{(A)}, \boxed{(B)}, \boxed{(C)}, or \boxed{(D)}.",A,D,[],[],[],[],[],[],[],[],[],[],[],[],[],[],[],[],[],[],[],[],[],[],[],[],[],D,A,A,D,B,A,B,C,A,A,A,,A,A,A,A,A,A,D,C,A,A,D,A,A,3500,7095
"Can you answer the following question as accurately as possible? Question: Statement 1 | ; 4x - 2 ? : ? is irreducible over , Z. Statement 2 | 4x ? - 2 ; is irreducible over , ? ! Q.: 
 Choices: A) True, True, B) False, False, C) True, False, D) False, True. Briefly explain your reasoning. At the end, output only one final answer like \boxed{(A)}, \boxed{(B)}, \boxed{(C)}, or \boxed{(D)}.",D,C,[],[],[],[],[],[],[],[],[],[],[],[],[],[],[],[],[],[],[],[],[],[],[],[],[],C,D,,A,B,C,A,A,B,D,B,C,C,B,,C,C,B,C,,C,A,B,C,D,3250,7559
"Can you answer the following question as accurately as possible? Question: Find the generator for the ! ; finite ! , field Z_11.: 
 Choices: A) 1, B) 2, C) 3, D) 4. Briefly explain your reasoning. At the end, output only one final answer like \boxed{(A)}, \boxed{(B)}, \boxed{(C)}, or \boxed{(D)}.",B,C,[],[],[],[],[],[],[],[],[],[],[],[],[],[],[],[],[],[],[],[],[],[],[],[],[],C,C,,C,D,C,,C,D,,,B,B,B,B,D,,B,B,,C,C,C,C,C,2450,15122
"Can you answer the following question as accurately as possible? Question: Statement 1 | . ; Every group ? of order . 159 ? ? is cyclic. Statement : 2 | ! Every ? . group of order 102 ; ; has a nontrivial proper normal subgroup.: 
 Choices: A) True, True, B) False, False, C) True, False, D) False, True. Briefly explain your reasoning. At the end, output only one final answer like \boxed{(A)}, \boxed{(B)}, \boxed{(C)}, or \boxed{(D)}.",A,A,[],[],[],[],[],[],[],[],[],[],[],[],[],[],[],[],[],[],[],[],[],[],[],[],[],C,A,A,B,A,C,C,B,C,C,C,A,D,C,C,A,C,A,B,A,C,D,B,A,C,3400,10818
"Can you answer the following question as accurately as possible? Question: Statement ? 1 : | If , H and ? K are subgroups of G and one : of H or . K ? is normal subgroup ; of G, then HK is a subgroup , of G. Statement 2 ! . | All ; . groups ; of order : , p^2 where ; : p is ; prime : are Abelian. ?: 
 Choices: A) True, True, B) False, False, C) True, False, D) False, True. Briefly explain your reasoning. At the end, output only one final answer like \boxed{(A)}, \boxed{(B)}, \boxed{(C)}, or \boxed{(D)}.",A,A,[],[],[],[],[],[],[],[],[],[],[],[],[],[],[],[],[],[],[],[],[],[],[],[],[],A,C,C,B,A,A,D,A,B,D,C,D,C,B,A,C,A,C,D,C,C,C,C,A,A,4100,9338
"Can you answer the following question as accurately as possible? Question: Statement ! ! 1 | ? The unity of a subring ! ? . must ? be . the , same as the . unity of the ring. Statement 2 ? | Every , field ! is an integral domain.: 
 Choices: A) True, True, B) False, False, C) True, False, D) False, True. Briefly explain your reasoning. At the end, output only one final answer like \boxed{(A)}, \boxed{(B)}, \boxed{(C)}, or \boxed{(D)}.",D,A,[],[],[],[],[],[],[],[],[],[],[],[],[],[],[],[],[],[],[],[],[],[],[],[],[],D,A,A,A,B,,A,A,A,C,C,D,A,D,C,C,D,A,A,A,B,A,C,A,A,3275,5745
"Can you answer the following question as accurately as possible? Question: Statement : 1 | The set : of ! ? 2 x ! 2 matrices : . with integer entries and nonzero determinant is a group under ? matrix multiplication. Statement 2 | The : set of 2 x : 2 ; matrices , with ! integer entries and : ? determinant ! 1 ; is . a . group : under : ! matrix multiplication.: 
 Choices: A) True, True, B) False, False, C) True, False, D) False, True. Briefly explain your reasoning. At the end, output only one final answer like \boxed{(A)}, \boxed{(B)}, \boxed{(C)}, or \boxed{(D)}.",D,D,[],[],[],[],[],[],[],[],[],[],[],[],[],[],[],[],[],[],[],[],[],[],[],[],[],D,D,D,D,A,A,B,B,B,A,B,B,D,B,A,D,A,A,,D,A,A,B,,B,4150,10867
"Can you answer the following question as accurately as possible? Question: Statement 1 . : | Every quotient , , ring of every ! commutative ring ! is again a , commutative ring. ? Statement . : 2 | An ideal N ; in a ring R with unity 1 is . ; all of ? R if and , only : if 1 in . N. , ,: 
 Choices: A) True, True, B) False, False, C) True, False, D) False, True. Briefly explain your reasoning. At the end, output only one final answer like \boxed{(A)}, \boxed{(B)}, \boxed{(C)}, or \boxed{(D)}.",C,A,[],[],[],[],[],[],[],[],[],[],[],[],[],[],[],[],[],[],[],[],[],[],[],[],[],C,C,A,A,A,A,A,A,A,A,A,A,A,A,A,A,A,A,A,A,,,A,A,C,3850,8348
"Can you answer the following question as accurately as possible? Question: If ? A = (1, 2, 3, 4). ? Let ~= , {(1, 2), ! . ! , (1, 3), (4, 2)}. Then ~ is . ?: 
 Choices: A) not anti-symmetric, B) transitive, C) reflexive, D) symmetric. Briefly explain your reasoning. At the end, output only one final answer like \boxed{(A)}, \boxed{(B)}, \boxed{(C)}, or \boxed{(D)}.",B,A,[],[],[],[],[],[],[],[],[],[],[],[],[],[],[],[],[],[],[],[],[],[],[],[],[],A,B,D,A,A,A,A,A,A,D,D,B,A,A,D,B,,D,A,,C,,A,B,B,3375,9534
"Can you answer the following question as accurately as possible? Question: ? ? How ; many homomorphisms are there of Z ; into Z_2?: 
 Choices: A) 1, B) 2, C) infinitely many, D) 0. Briefly explain your reasoning. At the end, output only one final answer like \boxed{(A)}, \boxed{(B)}, \boxed{(C)}, or \boxed{(D)}.",B,B,[],[],[],[],[],[],[],[],[],[],[],[],[],[],[],[],[],[],[],[],[],[],[],[],[],B,C,B,C,B,B,C,C,C,B,C,C,B,A,A,C,B,B,B,C,C,B,B,B,A,2525,8757
"Can you answer the following question as accurately as possible? Question: , Statement 1 : | ; ; . Every field is also a ring. Statement : 2 | . Every ? ring has , a multiplicative identity.: 
 Choices: A) True, True, B) False, False, C) True, False, D) False, True. Briefly explain your reasoning. At the end, output only one final answer like \boxed{(A)}, \boxed{(B)}, \boxed{(C)}, or \boxed{(D)}.",C,B,[],[],[],[],[],[],[],[],[],[],[],[],[],[],[],[],[],[],[],[],[],[],[],[],[],B,B,C,A,A,B,A,C,A,A,A,B,A,A,D,B,A,B,D,C,A,B,A,A,B,2975,4160
"Can you answer the following question as accurately as possible? Question: Statement 1 | ! If R is a ring and f(x) and , ? g(x) . are in R[x], then deg , (f(x)+g(x)) = maximum , (deg f(x), deg . g(x)). Statement 2 . | If F . is ! ! a field then every ideal ! ? of ; : F[x] is ; . ; : principal.: 
 Choices: A) True, True, B) False, False, C) True, False, D) False, True. Briefly explain your reasoning. At the end, output only one final answer like \boxed{(A)}, \boxed{(B)}, \boxed{(C)}, or \boxed{(D)}.",D,A,[],[],[],[],[],[],[],[],[],[],[],[],[],[],[],[],[],[],[],[],[],[],[],[],[],A,A,B,D,D,D,C,A,C,A,A,A,B,D,D,D,B,C,A,D,B,A,D,D,A,4350,6498
"Can you answer the following question as accurately as possible? Question: A subset H of a group (G,*) : : : is a group ! ; if: 
 Choices: A) a,b in H=> a * b in H, B) a in H => a^-1 in H, C) a,b in H=> a * b^-1 in H, D) H contains the identity element. Briefly explain your reasoning. At the end, output only one final answer like \boxed{(A)}, \boxed{(B)}, \boxed{(C)}, or \boxed{(D)}.",C,B,[],[],[],[],[],[],[],[],[],[],[],[],[],[],[],[],[],[],[],[],[],[],[],[],[],B,D,B,B,D,A,B,A,A,D,D,B,D,D,B,,D,D,D,B,D,A,D,D,D,3300,8334
"Can you answer the following question as accurately as possible? Question: The polynomial x^4 + 4 ! ; can be factored into : ? linear factors , in , Z_5[x]. : ! Find this factorization.: 
 Choices: A) (x − 2)(x + 2)(x − 1)(x + 1), B) (x+1)^4, C) (x-1)(x+1)^3, D) (x-1)^3(x+1). Briefly explain your reasoning. At the end, output only one final answer like \boxed{(A)}, \boxed{(B)}, \boxed{(C)}, or \boxed{(D)}.",A,,[],[],[],[],[],[],[],[],[],[],[],[],[],[],[],[],[],[],[],[],[],[],[],[],[],D,B,,A,,,D,A,,D,D,A,A,B,A,A,A,D,,B,D,B,C,A,,3875,15723
"Can you answer the following question as accurately as possible? Question: Statement : , 1 | There ? exists a : . free abelian group of every positive integer rank. Statement . 2 | A finitely generated abelian group is free abelian ! if ; : its Betti , number . . equals the ; : number of elements in some generating . set. ! ; . ,: 
 Choices: A) True, True, B) False, False, C) True, False, D) False, True. Briefly explain your reasoning. At the end, output only one final answer like \boxed{(A)}, \boxed{(B)}, \boxed{(C)}, or \boxed{(D)}.",A,A,[],[],[],[],[],[],[],[],[],[],[],[],[],[],[],[],[],[],[],[],[],[],[],[],[],D,A,B,A,B,A,C,A,,B,D,C,C,,A,B,,C,C,B,C,A,C,A,C,3925,6531
"Can you answer the following question as accurately as possible? Question: ! (Z,*) is a group ? with ? . ! a*b = a+b+1 , for all ! a, b in Z. The inverse of a is . .: 
 Choices: A) 0, B) -2, C) a-2, D) (2+a)*-1. Briefly explain your reasoning. At the end, output only one final answer like \boxed{(A)}, \boxed{(B)}, \boxed{(C)}, or \boxed{(D)}.",D,D,[],[],[],[],[],[],[],[],[],[],[],[],[],[],[],[],[],[],[],[],[],[],[],[],[],D,C,D,,C,D,D,,,A,D,D,A,,,D,C,A,D,C,A,B,A,D,A,3200,10943
"Can you answer the following question as accurately as possible? Question: Find ; the degree : for the given field extension ; Q(sqrt(2)*sqrt(3)) over , ; Q.: 
 Choices: A) 0, B) 4, C) 2, D) 6. Briefly explain your reasoning. At the end, output only one final answer like \boxed{(A)}, \boxed{(B)}, \boxed{(C)}, or \boxed{(D)}.",C,B,[],[],[],[],[],[],[],[],[],[],[],[],[],[],[],[],[],[],[],[],[],[],[],[],[],B,D,A,B,C,C,A,C,B,B,C,C,C,C,B,C,,A,C,C,B,,C,,C,2700,9187
"Can you answer the following question as accurately as possible? Question: Using Fermat's theorem, find the ; remainder ! ; of 3^47 when it ! ! is ? divided by : 23.: 
 Choices: A) 1, B) 2, C) 3, D) 4. Briefly explain your reasoning. At the end, output only one final answer like \boxed{(A)}, \boxed{(B)}, \boxed{(C)}, or \boxed{(D)}.",D,B,[],[],[],[],[],[],[],[],[],[],[],[],[],[],[],[],[],[],[],[],[],[],[],[],[],B,B,B,C,B,B,C,,A,B,B,B,B,D,,,D,C,B,B,,B,A,,D,2875,19730
"Can you answer the following question as accurately as possible? Question: . ; Find the characteristic of the ring Z_3 ? x Z_3. :: 
 Choices: A) 0, B) 3, C) 12, D) 30. Briefly explain your reasoning. At the end, output only one final answer like \boxed{(A)}, \boxed{(B)}, \boxed{(C)}, or \boxed{(D)}.",B,B,[],[],[],[],[],[],[],[],[],[],[],[],[],[],[],[],[],[],[],[],[],[],[],[],[],B,B,B,,A,B,B,B,B,B,B,,A,B,B,B,B,,B,A,B,B,B,B,B,2550,4977
"Can you answer the following question as accurately as possible? Question: Statement 1 | If a and b are elements ! of a ? ; group and : ! a is not equal to ; b, then a^2 is not equal to b^2. Statement ! : 2 ? ; . ? . . | The ; set of rotations in a dihedral group form ; ? a ? ! cyclic subgroup. ;: 
 Choices: A) True, True, B) False, False, C) True, False, D) False, True. Briefly explain your reasoning. At the end, output only one final answer like \boxed{(A)}, \boxed{(B)}, \boxed{(C)}, or \boxed{(D)}.",D,D,[],[],[],[],[],[],[],[],[],[],[],[],[],[],[],[],[],[],[],[],[],[],[],[],[],B,D,D,D,C,C,D,C,D,D,D,D,B,A,C,A,C,B,D,C,A,C,C,D,B,4025,7883
"Can you answer the following question as accurately as possible? Question: ? Statement 1 ! | , In a group (ab)^{-2} . = , b^{-2}a^{-2}. Statement ! , 2 | In a group , (ab)^n , = a^nb^n.: 
 Choices: A) True, True, B) False, False, C) True, False, D) False, True. Briefly explain your reasoning. At the end, output only one final answer like \boxed{(A)}, \boxed{(B)}, \boxed{(C)}, or \boxed{(D)}.",B,A,[],[],[],[],[],[],[],[],[],[],[],[],[],[],[],[],[],[],[],[],[],[],[],[],[],A,A,,A,B,A,D,A,A,A,A,A,A,A,C,,A,A,A,A,C,A,A,B,A,3350,7002
"Can you answer the following question as accurately as possible? Question: Statement 1 : ; | ; : S_n is ; ! non-Abelian for all n >= 3. Statement ! 2 | If . a ; is a permutation , that : : is an . : m-cycle and b is , ; a permutation that is . an n-cycle, then |ab| = : lcm(m,n).: 
 Choices: A) True, True, B) False, False, C) True, False, D) False, True. Briefly explain your reasoning. At the end, output only one final answer like \boxed{(A)}, \boxed{(B)}, \boxed{(C)}, or \boxed{(D)}.",C,B,[],[],[],[],[],[],[],[],[],[],[],[],[],[],[],[],[],[],[],[],[],[],[],[],[],A,B,B,C,D,D,D,D,D,C,D,B,A,C,B,A,D,D,A,C,,C,B,D,A,4200,7978
"Can you answer the following question as accurately as possible? Question: Find ! the characteristic of : ? the . ring Z x Z.: 
 Choices: A) 0, B) 3, C) 12, D) 30. Briefly explain your reasoning. At the end, output only one final answer like \boxed{(A)}, \boxed{(B)}, \boxed{(C)}, or \boxed{(D)}.",A,A,[],[],[],[],[],[],[],[],[],[],[],[],[],[],[],[],[],[],[],[],[],[],[],[],[],D,,A,A,A,A,A,A,A,D,A,A,A,A,A,A,A,A,A,A,A,A,A,A,A,2450,8289
"Can you answer the following question as accurately as possible? Question: ! Statement ! ! 1 | , For n > . : , 1, ; the set {1,2, ..., n-1} is a group . . under multiplication modulo ! n. Statement 2 ? . | There is an integer x : such ; that 63x mod 100 ? = , 1.: 
 Choices: A) True, True, B) False, False, C) True, False, D) False, True. Briefly explain your reasoning. At the end, output only one final answer like \boxed{(A)}, \boxed{(B)}, \boxed{(C)}, or \boxed{(D)}.",D,C,[],[],[],[],[],[],[],[],[],[],[],[],[],[],[],[],[],[],[],[],[],[],[],[],[],C,B,D,C,B,D,B,C,C,B,B,D,A,C,B,D,C,B,D,C,A,A,B,B,A,4000,9968
"Can you answer the following question as accurately as possible? Question: Statement . 1 ; | : ? : If ? K is a nonzero ! subgroup of a ; ? finitely . ! , generated free abelian group, then ; K : is free abelian. Statement : 2 | ? If K is a nonzero : subgroup of a finitely generated ; free abelian group, ; then , : G / K is free abelian. :: 
 Choices: A) True, True, B) False, False, C) True, False, D) False, True. Briefly explain your reasoning. At the end, output only one final answer like \boxed{(A)}, \boxed{(B)}, \boxed{(C)}, or \boxed{(D)}.",C,A,[],[],[],[],[],[],[],[],[],[],[],[],[],[],[],[],[],[],[],[],[],[],[],[],[],A,B,D,B,A,A,A,B,D,A,C,D,B,C,,A,A,A,D,A,A,A,B,B,A,4350,8341
"Can you answer the following question as accurately as possible? Question: Statement 1 | ; ; , The external direct , , product of ! cyclic groups is cyclic. Statement , 2 . | The , external direct product ! , of ; D_3 and D_4 is isomorphic to ? D_12.: 
 Choices: A) True, True, B) False, False, C) True, False, D) False, True. Briefly explain your reasoning. At the end, output only one final answer like \boxed{(A)}, \boxed{(B)}, \boxed{(C)}, or \boxed{(D)}.",B,C,[],[],[],[],[],[],[],[],[],[],[],[],[],[],[],[],[],[],[],[],[],[],[],[],[],D,,C,A,C,C,B,B,D,B,B,A,A,B,D,D,C,D,D,D,C,C,C,D,D,3500,7823
"Can you answer the following question as accurately as possible? Question: : Statement ; 1 | : ; Every ? nonzero free abelian group has ! an infinite ? number , of ; bases. Statement 2 | ? Every free abelian group ? : ; of ; rank at ? least 2 has an . infinite number of bases.: 
 Choices: A) True, True, B) False, False, C) True, False, D) False, True. Briefly explain your reasoning. At the end, output only one final answer like \boxed{(A)}, \boxed{(B)}, \boxed{(C)}, or \boxed{(D)}.",D,B,[],[],[],[],[],[],[],[],[],[],[],[],[],[],[],[],[],[],[],[],[],[],[],[],[],B,B,B,A,D,A,A,A,A,A,C,A,C,B,C,A,A,A,A,B,D,A,A,A,A,3600,7723
"Can you answer the following question as accurately as possible? Question: ! ; Statement 1 | For ; every positive integer n there is ; a cyclic group ? of order ? ; n. ? Statement , 2 ; ; . | . ! ! Every finite cyclic group contains an element . of every order that divides the order of the ? group. !: 
 Choices: A) True, True, B) False, False, C) True, False, D) False, True. Briefly explain your reasoning. At the end, output only one final answer like \boxed{(A)}, \boxed{(B)}, \boxed{(C)}, or \boxed{(D)}.",A,A,[],[],[],[],[],[],[],[],[],[],[],[],[],[],[],[],[],[],[],[],[],[],[],[],[],A,A,A,A,A,A,A,A,A,A,A,A,A,A,A,A,A,A,A,A,A,A,A,A,A,3700,5924
"Can you answer the following question as accurately as possible? Question: Statement ! 1 | If . a group , has an element ; of order , 10, then it has elements , of . orders : . 1, 2, ! and 5. Statement 2 | If ? , a group ? : has ! an element , : of : order 2 and ! ; an element of , order 3, then . it has , an element , of order 6.: 
 Choices: A) True, True, B) False, False, C) True, False, D) False, True. Briefly explain your reasoning. At the end, output only one final answer like \boxed{(A)}, \boxed{(B)}, \boxed{(C)}, or \boxed{(D)}.",C,A,[],[],[],[],[],[],[],[],[],[],[],[],[],[],[],[],[],[],[],[],[],[],[],[],[],C,A,B,D,A,B,B,B,A,B,C,D,A,C,B,A,B,B,,D,B,A,A,C,D,4350,9792
"Can you answer the following question as accurately as possible? Question: Let A ! : and B be sets, . f: A . ? -> B and . . g: B -> : A be functions , such that ! for all a \in A, g(f(a)) = a. ! ; Statement 1 . | ! ! : The function ; g must necessarily be injective. Statement 2 | The : ? function ! : g must necessarily ! , be surjective.: 
 Choices: A) True, True, B) False, False, C) True, False, D) False, True. Briefly explain your reasoning. At the end, output only one final answer like \boxed{(A)}, \boxed{(B)}, \boxed{(C)}, or \boxed{(D)}.",D,A,[],[],[],[],[],[],[],[],[],[],[],[],[],[],[],[],[],[],[],[],[],[],[],[],[],B,C,A,A,A,A,A,A,B,A,D,C,A,D,B,A,A,A,,A,D,D,D,C,D,4350,8204
"Can you answer the following question as accurately as possible? Question: Statement 1 . , | A homomorphism ! is one to ! one if and only if ? the kernel ! ; ; consists : of the . ? identity element : alone. Statement . 2 | The image , of a group , of 6 , ! elements under some homomorphism , may have . 4 elements.: 
 Choices: A) True, True, B) False, False, C) True, False, D) False, True. Briefly explain your reasoning. At the end, output only one final answer like \boxed{(A)}, \boxed{(B)}, \boxed{(C)}, or \boxed{(D)}.",C,B,[],[],[],[],[],[],[],[],[],[],[],[],[],[],[],[],[],[],[],[],[],[],[],[],[],C,B,B,B,B,B,A,C,B,A,,B,B,A,B,B,A,A,A,A,C,B,A,C,B,3800,7929
"Can you answer the following question as accurately as possible? Question: Statement , 1 | If H : and ? K ! . . ; are subgroups of a group G, then |HK| = ! ; : |H||K|/|H intersection K|. Statement 2 | A ! ! group of . : , order 2p where ; p is an odd prime ; ? is : cyclic or isomorphic to D_p.: 
 Choices: A) True, True, B) False, False, C) True, False, D) False, True. Briefly explain your reasoning. At the end, output only one final answer like \boxed{(A)}, \boxed{(B)}, \boxed{(C)}, or \boxed{(D)}.",A,D,[],[],[],[],[],[],[],[],[],[],[],[],[],[],[],[],[],[],[],[],[],[],[],[],[],B,D,D,,C,D,A,A,A,A,B,C,C,B,C,D,A,A,D,D,,D,D,D,A,4175,10152
"Can you answer the following question as accurately as possible? Question: For T: Z ? x Z -> Z where T(1, 0) = 3 : . and : T(0, 1) = ! -5, find , T(-3,2). . , .: 
 Choices: A) -19, B) -10, C) 19, D) 10. Briefly explain your reasoning. At the end, output only one final answer like \boxed{(A)}, \boxed{(B)}, \boxed{(C)}, or \boxed{(D)}.",A,B,[],[],[],[],[],[],[],[],[],[],[],[],[],[],[],[],[],[],[],[],[],[],[],[],[],B,A,B,D,A,,B,,,D,,,D,B,,B,,,D,B,B,B,A,B,C,3350,10075
"Can you answer the following question as accurately as possible? Question: Compute , the , product in the given : : ring. (12)(16) : in Z_24: 
 Choices: A) 0, B) 1, C) 4, D) 6. Briefly explain your reasoning. At the end, output only one final answer like \boxed{(A)}, \boxed{(B)}, \boxed{(C)}, or \boxed{(D)}.",A,A,[],[],[],[],[],[],[],[],[],[],[],[],[],[],[],[],[],[],[],[],[],[],[],[],[],A,A,A,,A,B,,C,C,B,A,C,B,A,B,A,B,D,A,A,C,,B,D,A,2725,7208
"Can you answer the following question as accurately as possible? Question: ? Statement ! 1 | ! : Every , permutation is a one-to-one function. Statement 2 | Every function is ? a ; ! permutation . ! if and . . only : if it is one to one.: 
 Choices: A) True, True, B) False, False, C) True, False, D) False, True. Briefly explain your reasoning. At the end, output only one final answer like \boxed{(A)}, \boxed{(B)}, \boxed{(C)}, or \boxed{(D)}.",C,A,[],[],[],[],[],[],[],[],[],[],[],[],[],[],[],[],[],[],[],[],[],[],[],[],[],B,D,A,C,A,B,D,,C,D,A,C,B,C,C,A,A,C,C,C,B,C,B,A,A,3425,6300
"Can you answer the following question as accurately as possible? Question: : . Statement 1 | If a finite group has ? ! order n ! then . the group contains , a subgroup of order : : d for ! ; every positive divisor d of n. ? : Statement : 2 ; ; | If . a belongs to a finite group , then |a| divides ! ; |G|.: 
 Choices: A) True, True, B) False, False, C) True, False, D) False, True. Briefly explain your reasoning. At the end, output only one final answer like \boxed{(A)}, \boxed{(B)}, \boxed{(C)}, or \boxed{(D)}.",D,A,[],[],[],[],[],[],[],[],[],[],[],[],[],[],[],[],[],[],[],[],[],[],[],[],[],A,A,A,A,A,A,C,A,B,,A,A,C,A,A,A,B,A,A,B,A,A,B,A,A,3925,6614
"Can you answer the following question as accurately as possible? Question: ? . Find all cosets of the subgroup 4Z ? of 2Z. !: 
 Choices: A) 4Z, B) 4Z, 2 + 4Z, C) 2Z, D) Z. Briefly explain your reasoning. At the end, output only one final answer like \boxed{(A)}, \boxed{(B)}, \boxed{(C)}, or \boxed{(D)}.",B,A,[],[],[],[],[],[],[],[],[],[],[],[],[],[],[],[],[],[],[],[],[],[],[],[],[],A,A,D,A,B,A,B,,D,B,A,A,A,A,B,D,B,A,B,A,A,A,B,A,B,2800,9740
"Can you answer the following question as accurately as possible? Question: Which of the ; following ; statements is ? true?: 
 Choices: A) Every equivalence relation is a partial-ordering relation., B) Number of relations form A = {x, y, z} to B= (1, 2), is 64., C) Empty relation _ is reflexive, D) Properties of a relation being symmetric and being un-symmetric are negative of each other.. Briefly explain your reasoning. At the end, output only one final answer like \boxed{(A)}, \boxed{(B)}, \boxed{(C)}, or \boxed{(D)}.",B,A,[],[],[],[],[],[],[],[],[],[],[],[],[],[],[],[],[],[],[],[],[],[],[],[],[],A,C,A,A,A,D,C,A,A,C,A,A,C,C,C,D,C,B,C,C,C,C,A,A,D,3675,11323
"Can you answer the following question as accurately as possible? Question: ; Find , : the : maximum , possible order for an element . of S_n for n = 6. :: 
 Choices: A) 6, B) 12, C) 30, D) 105. Briefly explain your reasoning. At the end, output only one final answer like \boxed{(A)}, \boxed{(B)}, \boxed{(C)}, or \boxed{(D)}.",A,C,[],[],[],[],[],[],[],[],[],[],[],[],[],[],[],[],[],[],[],[],[],[],[],[],[],D,C,C,A,B,A,B,D,B,A,A,B,B,A,A,B,,C,C,B,B,D,A,A,A,2775,10988
"Can you answer the following question as accurately as possible? Question: Statement , : 1 | Q is an extension field ! ; of Z_2. Statement 2 : | Every non-constant polynomial over a field has a ? ; ; zero in some ? . extension ? ? ! field.: 
 Choices: A) True, True, B) False, False, C) True, False, D) False, True. Briefly explain your reasoning. At the end, output only one final answer like \boxed{(A)}, \boxed{(B)}, \boxed{(C)}, or \boxed{(D)}.",D,A,[],[],[],[],[],[],[],[],[],[],[],[],[],[],[],[],[],[],[],[],[],[],[],[],[],A,D,A,A,A,A,A,A,C,C,,A,A,A,,C,A,A,C,A,C,D,C,A,A,3325,7213
"Can you answer the following question as accurately as possible? Question: Statement 1 | ; ? If H is a subgroup : : ; of ! G , and . a belongs ? to G : then aH is a subgroup ! of G ! if and , . only ? . if a ; is . ? in H. ; Statement 2 | If , H is a subgroup of , G ; : ? and a : and b belong to , . G then aH = bH if and only if ab ? is in H.: 
 Choices: A) True, True, B) False, False, C) True, False, D) False, True. Briefly explain your reasoning. At the end, output only one final answer like \boxed{(A)}, \boxed{(B)}, \boxed{(C)}, or \boxed{(D)}.",C,A,[],[],[],[],[],[],[],[],[],[],[],[],[],[],[],[],[],[],[],[],[],[],[],[],[],C,A,A,B,A,A,A,A,A,A,B,A,D,D,D,A,A,D,A,B,A,A,A,A,D,4600,12845
"Can you answer the following question as accurately as possible? Question: , . Find ! all ? zeros in ! the indicated finite field of the given polynomial with : coefficients . ! . in that . field. x^2 + 1 in Z_2 :: 
 Choices: A) 0, B) 1, C) 0,1, D) 2. Briefly explain your reasoning. At the end, output only one final answer like \boxed{(A)}, \boxed{(B)}, \boxed{(C)}, or \boxed{(D)}.",B,B,[],[],[],[],[],[],[],[],[],[],[],[],[],[],[],[],[],[],[],[],[],[],[],[],[],A,B,B,B,A,B,B,B,C,B,C,A,A,A,C,A,A,C,D,C,A,B,B,B,B,3100,6064
"Can you answer the following question as accurately as possible? Question: Find ? the . ; ? number of elements in the indicated cyclic group: The ; cyclic subgroup ; of ; : Z_30 generated by , 25.: 
 Choices: A) 25, B) 5, C) 6, D) 30. Briefly explain your reasoning. At the end, output only one final answer like \boxed{(A)}, \boxed{(B)}, \boxed{(C)}, or \boxed{(D)}.",C,D,[],[],[],[],[],[],[],[],[],[],[],[],[],[],[],[],[],[],[],[],[],[],[],[],[],D,D,B,B,D,C,B,B,D,B,D,,B,B,B,C,B,B,B,B,A,B,B,B,B,3025,9977
"Can you answer the following question as accurately as possible? Question: ? The element (4, 2) . of Z_12 x , Z_8 has ; ! order: 
 Choices: A) 4, B) 8, C) 12, D) 6. Briefly explain your reasoning. At the end, output only one final answer like \boxed{(A)}, \boxed{(B)}, \boxed{(C)}, or \boxed{(D)}.",C,D,[],[],[],[],[],[],[],[],[],[],[],[],[],[],[],[],[],[],[],[],[],[],[],[],[],D,,A,A,D,,C,A,C,C,A,A,,A,B,C,B,D,D,D,D,D,D,C,D,2700,13727
"Can you answer the following question as accurately as possible? Question: Statement . ; 1 ? | , Every ideal in . ; a ring is a ! subring of ! the ring. Statement 2 | Every subring of every : ring . is , an ideal , of the ! ! ring.: 
 Choices: A) True, True, B) False, False, C) True, False, D) False, True. Briefly explain your reasoning. At the end, output only one final answer like \boxed{(A)}, \boxed{(B)}, \boxed{(C)}, or \boxed{(D)}.",C,,[],[],[],[],[],[],[],[],[],[],[],[],[],[],[],[],[],[],[],[],[],[],[],[],[],,D,B,A,C,B,D,C,B,A,B,C,A,C,C,D,C,B,A,B,B,B,B,C,C,3350,6309
"Can you answer the following question as accurately as possible? Question: Up to isomorphism, how ? many additive abelian groups G ; of ; order 16 have : ? the property : ? that x ? + x , + x + x : = . ; 0 . for ! each x ! in G ?: 
 Choices: A) 0, B) 1, C) 2, D) 3. Briefly explain your reasoning. At the end, output only one final answer like \boxed{(A)}, \boxed{(B)}, \boxed{(C)}, or \boxed{(D)}.",D,B,[],[],[],[],[],[],[],[],[],[],[],[],[],[],[],[],[],[],[],[],[],[],[],[],[],D,B,A,B,B,,B,,B,D,C,A,B,B,,B,B,,C,B,B,B,,B,B,3425,14152
"Can you answer the following question as accurately as possible? Question: ? ! Suppose P is the set of polynomials with coefficients in Z_5 and ! degree less ! ! than or equal . ! to . 7. If the operator D sends p(x) in P : ! . , to . its derivative ? p′(x), ; what are . ! the : dimensions of the null space , n , and ; range . r of D?: 
 Choices: A) n = 1 and r = 6, B) n = 1 and r = 7, C) n = 2 and r = 5, D) n = 2 and r = 6. Briefly explain your reasoning. At the end, output only one final answer like \boxed{(A)}, \boxed{(B)}, \boxed{(C)}, or \boxed{(D)}.",D,B,[],[],[],[],[],[],[],[],[],[],[],[],[],[],[],[],[],[],[],[],[],[],[],[],[],A,B,A,B,B,A,A,B,C,C,B,B,B,B,B,A,C,,A,B,D,A,A,A,A,4750,15418
"Can you answer the following question as accurately as possible? Question: ? , : . : The shortest distance from ? the curve xy = 8 to the origin is: 
 Choices: A) 4, B) 8, C) 16, D) 2sqrt(2). Briefly explain your reasoning. At the end, output only one final answer like \boxed{(A)}, \boxed{(B)}, \boxed{(C)}, or \boxed{(D)}.",A,,[],[],[],[],[],[],[],[],[],[],[],[],[],[],[],[],[],[],[],[],[],[],[],[],[],,D,D,,B,D,D,D,B,A,B,D,D,,D,D,,D,D,D,A,D,,B,,2725,14849
"Can you answer the following question as accurately as possible? Question: There are ? . 25 suitcases, 5 of which ; are damaged. Three . suitcases ? . are selected . at ? random. What . ? ! is the ; probability that exactly 2 are damaged?: 
 Choices: A) 2/69, B) 1/30, C) 2/23, D) 12/125. Briefly explain your reasoning. At the end, output only one final answer like \boxed{(A)}, \boxed{(B)}, \boxed{(C)}, or \boxed{(D)}.",C,A,[],[],[],[],[],[],[],[],[],[],[],[],[],[],[],[],[],[],[],[],[],[],[],[],[],,A,,A,A,A,C,,C,B,B,,A,D,B,B,B,A,A,A,B,C,A,A,C,3550,13350
"Can you answer the following question as accurately as possible? Question: Let (Z_{10} , +, x) ? be the ring of integers modulo , 10, and let . S be the ? subset of Z_{10} , ? represented , . , : by {0, 2, 4, , ? 6, 8}. ? Which of the . . ? , following statements is FALSE?: 
 Choices: A) (S, +, x) is closed under addition modulo 10., B) (S, +, x) is closed under multiplication modulo 10., C) (S, +, x) has an identity under addition modulo 10., D) (S, +, x) has no identity under multiplication modulo 10.. Briefly explain your reasoning. At the end, output only one final answer like \boxed{(A)}, \boxed{(B)}, \boxed{(C)}, or \boxed{(D)}.",D,B,[],[],[],[],[],[],[],[],[],[],[],[],[],[],[],[],[],[],[],[],[],[],[],[],[],C,C,B,B,B,B,A,C,B,D,B,C,B,D,B,A,B,B,B,A,C,A,D,C,C,5500,8506
"Can you answer the following question as accurately as possible? Question: A ; ladder . 9 meters : in length is leaning ; against . a vertical wall on level ground. As the bottom end of the ladder is moved , away from the . , wall at a constant rate of 2 ; meters ; per second, ? the top ? end slides ? ! downward along the , wall. How ! fast, in meters per , ! second, will the ; . top end ? of ! the ladder . be ! , sliding : downward at ; the moment ? . the top , end is ! , 3 meters ? above ; the : , ground?: 
 Choices: A) 12*sqrt(2), B) 6*sqrt(2), C) 4*sqrt(2), D) 1/(2*sqrt(2)). Briefly explain your reasoning. At the end, output only one final answer like \boxed{(A)}, \boxed{(B)}, \boxed{(C)}, or \boxed{(D)}.",C,,[],[],[],[],[],[],[],[],[],[],[],[],[],[],[],[],[],[],[],[],[],[],[],[],[],D,,,B,B,B,C,B,D,,D,B,,C,A,A,,,B,B,B,B,C,A,B,5525,16334
"Can you answer the following question as accurately as possible? Question: ; Consider a segment ? , of ? , length . 10. Points ! A and . B are chosen randomly such that , A , and ? B . divide the segment into three smaller , ; ? segments. What is ; ; ? the probability that the three smaller segments . ! could form the sides of a triangle?: 
 Choices: A) 0, B) 10%, C) 25%, D) 50%. Briefly explain your reasoning. At the end, output only one final answer like \boxed{(A)}, \boxed{(B)}, \boxed{(C)}, or \boxed{(D)}.",C,B,[],[],[],[],[],[],[],[],[],[],[],[],[],[],[],[],[],[],[],[],[],[],[],[],[],C,B,A,D,B,B,C,B,B,B,A,D,B,B,A,D,B,B,D,A,,B,A,B,B,3775,15576
"Can you answer the following question as accurately as possible? Question: Let : V be a ? finite-dimensional real vector space and let P be ; a ? , linear ; : transformation , of V such that , P^2 = P. Which . ! of , the following must ! be true? I. ? P is invertible. II. P ! . , ; : is diagonalizable. III. : P is either the identity transformation or the . ? zero transformation. : ;: 
 Choices: A) nan, B) I only, C) II only, D) III only. Briefly explain your reasoning. At the end, output only one final answer like \boxed{(A)}, \boxed{(B)}, \boxed{(C)}, or \boxed{(D)}.",C,D,[],[],[],[],[],[],[],[],[],[],[],[],[],[],[],[],[],[],[],[],[],[],[],[],[],D,C,D,D,D,B,B,D,D,D,C,B,A,C,,,D,B,D,,C,D,,C,B,4225,16507
"Can you answer the following question as accurately as possible? Question: Which of the following ! is ; true? ?: 
 Choices: A) Every compact space is complete, B) Every complete space is compact, C) Neither (a) nor (b)., D)  Both (a) and (b).. Briefly explain your reasoning. At the end, output only one final answer like \boxed{(A)}, \boxed{(B)}, \boxed{(C)}, or \boxed{(D)}.",A,B,[],[],[],[],[],[],[],[],[],[],[],[],[],[],[],[],[],[],[],[],[],[],[],[],[],B,B,C,A,C,B,A,A,B,B,A,C,B,C,B,C,B,B,B,D,B,B,A,B,B,2800,5889
"Can you answer the following question as accurately as possible? Question: A ? discrete ? graph is , complete if : there is an edge : connecting any pair of vertices. , How . ? many : . edges does a ! . ; complete graph with 10 vertices have?: 
 Choices: A) 10, B) 20, C) 25, D) 45. Briefly explain your reasoning. At the end, output only one final answer like \boxed{(A)}, \boxed{(B)}, \boxed{(C)}, or \boxed{(D)}.",D,B,[],[],[],[],[],[],[],[],[],[],[],[],[],[],[],[],[],[],[],[],[],[],[],[],[],B,,A,B,B,D,D,C,B,D,D,D,B,D,D,D,D,B,B,,B,B,D,D,D,3225,5882
"Can you answer the following question as accurately as possible? Question: ! Suppose X , ! is : , a discrete random variable ! ; on ? the set of positive , integers such , that ! for each ? positive integer n, the probability that ; . X = , n is ? ! 1/2^n. ? If . ! Y is a random variable with ? . the same probability distribution and X and Y are independent, what is the ; ! ; probability ! that the : value ; of at : ? least one of : the variables X and ? Y is greater than 3 ; ?: 
 Choices: A) 1/64, B) 15/64, C) 1/4, D) 3/8. Briefly explain your reasoning. At the end, output only one final answer like \boxed{(A)}, \boxed{(B)}, \boxed{(C)}, or \boxed{(D)}.",B,B,[],[],[],[],[],[],[],[],[],[],[],[],[],[],[],[],[],[],[],[],[],[],[],[],[],A,B,D,B,B,B,D,A,A,B,D,B,B,A,D,D,B,,A,,B,B,B,B,D,5100,18085
"Can you answer the following question as accurately as possible? Question: Let V and W ; be 4-dimensional . subspaces : of ! , a 7-dimensional vector ! ? space X. : Which of the ! ; following : CANNOT be the dimension of the ? subspace V intersect . W?: 
 Choices: A) 0, B) 1, C) 2, D) 3. Briefly explain your reasoning. At the end, output only one final answer like \boxed{(A)}, \boxed{(B)}, \boxed{(C)}, or \boxed{(D)}.",A,B,[],[],[],[],[],[],[],[],[],[],[],[],[],[],[],[],[],[],[],[],[],[],[],[],[],B,D,A,A,B,C,D,C,A,A,A,C,A,A,A,,D,B,A,B,A,,A,C,B,3375,7273
"Can you answer the following question as accurately as possible? Question: A large class is : to be ! divided into ; teams and each student ? . must ! be a , : member of exactly one , team. However, ! : each student ? dislikes three ; . ? of ; their ! ; ! classmates. ! Dislike , between students need not . ; be : mutual. If the teams ! do not need to be equally sized, how : many must be ; created so that no student is the teammate of , ! someone ! they dislike?: 
 Choices: A) 4, B) 7, C) 10, D) 13. Briefly explain your reasoning. At the end, output only one final answer like \boxed{(A)}, \boxed{(B)}, \boxed{(C)}, or \boxed{(D)}.",B,B,[],[],[],[],[],[],[],[],[],[],[],[],[],[],[],[],[],[],[],[],[],[],[],[],[],B,B,A,D,B,B,B,D,B,B,B,B,,D,B,B,D,C,,,,C,,B,B,4700,16942
"Can you answer the following question as accurately as possible? Question: Sofia and Tess will each ? randomly , choose one of the 10 : integers ? from 1 to 10. ; What is the ; probability ? that neither ? ! integer chosen : will , be the ! square , of , the ? other?: 
 Choices: A) 0.64, B) 0.72, C) 0.81, D) 0.95. Briefly explain your reasoning. At the end, output only one final answer like \boxed{(A)}, \boxed{(B)}, \boxed{(C)}, or \boxed{(D)}.",D,B,[],[],[],[],[],[],[],[],[],[],[],[],[],[],[],[],[],[],[],[],[],[],[],[],[],A,,D,B,B,B,B,B,A,,C,B,B,,B,,D,B,D,,B,B,B,,,3750,15045
"Can you answer the following question as accurately as possible? Question: Let K , be a ; nonempty subset of ; , , R^n, where n , > 1. Which of : , the following statements must be true? . . ? I. If K ? ; is compact, ? then every continuous real-valued ; function ; . defined , ? on K is bounded. ! : II. If : every continuous real-valued function defined on K is ? bounded, then K is compact. ? ! III. If , : K is compact, then , ? K is connected.: 
 Choices: A) I only, B) II only, C) III only, D) I and II only. Briefly explain your reasoning. At the end, output only one final answer like \boxed{(A)}, \boxed{(B)}, \boxed{(C)}, or \boxed{(D)}.",D,A,[],[],[],[],[],[],[],[],[],[],[],[],[],[],[],[],[],[],[],[],[],[],[],[],[],D,A,A,A,D,B,A,A,D,A,A,A,A,B,B,D,D,A,D,,A,B,B,B,D,4850,7191
"Can you answer the following question as accurately as possible? Question: ! , ! Suppose V is a real , vector space : of finite : dimension , n. Call . the ! set of matrices from . V : into itself M(V). Let T ; be ! in M(V). . . Consider the two ! subspaces U = {X : ∈ M(V) : TX = ? XT} : : , : and W = {TX − XT : X ∈ M(V)}. ; : Which of ; the : , following must ? be TRUE? I. , If V has a . : , ! basis containing only eigenvectors : ; of T then . : U = M(V). ? II. , , dim (U) + dim (W) : = n^2 III. . dim (U) < n: 
 Choices: A) I only, B) II only, C) III only, D) I and II only. Briefly explain your reasoning. At the end, output only one final answer like \boxed{(A)}, \boxed{(B)}, \boxed{(C)}, or \boxed{(D)}.",B,A,[],[],[],[],[],[],[],[],[],[],[],[],[],[],[],[],[],[],[],[],[],[],[],[],[],C,B,A,A,A,D,A,D,A,C,B,B,C,D,D,D,D,B,D,A,D,D,D,A,D,6275,15184
"Can you answer the following question as accurately as possible? Question: Let F ! . be a constant unit force : that is parallel to the . ; ? , ! vector (-1, 0, ? 1) , in ! xyz-space. What is the work ! done . by ? F on a . particle that moves along the path given . ; by (t, ; t^2, t^3) between time t=0 and time . : t=1? , .: 
 Choices: A) -1/4, B) -1/(4sqrt(2)), C) 0, D) sqrt(2). Briefly explain your reasoning. At the end, output only one final answer like \boxed{(A)}, \boxed{(B)}, \boxed{(C)}, or \boxed{(D)}.",C,D,[],[],[],[],[],[],[],[],[],[],[],[],[],[],[],[],[],[],[],[],[],[],[],[],[],D,C,B,D,A,D,D,,C,,C,,A,B,A,A,B,A,B,B,D,A,A,B,B,4550,14454
"Can you answer the following question as accurately as possible? Question: ? Let X ! be ; : , a ? topological space, and let A, B, and C be nonempty : : subsets of ; X such that A c , B , c C; that . is, A ? , is ? a proper subset ! . ; of B, and , . B . is ! a proper subset of C. Which of the following statements is ; ! (are) true? ; I. If ? , A ; and ? C are . connected, ? then B is : connected. , II. : ! If A and C are compact, ? then . : B is compact. III. ! If A , and C , are Hausdorff, then B is Hausdorff.: 
 Choices: A) I and II only, B) III only, C) I and III only, D) I, II, and III. Briefly explain your reasoning. At the end, output only one final answer like \boxed{(A)}, \boxed{(B)}, \boxed{(C)}, or \boxed{(D)}.",D,,[],[],[],[],[],[],[],[],[],[],[],[],[],[],[],[],[],[],[],[],[],[],[],[],[],,B,A,C,D,A,C,D,C,A,A,D,B,B,C,A,B,C,D,C,C,A,D,A,B,6025,11017
"Can you answer the following question as accurately as possible? Question: Let : x_1 = , 1 and ! , x_(n+1) = sqrt(3+2x_n) ; for ? all positive integers : n. If it is assumed ! , that {x_n} converges, then lim x_n . : = .: 
 Choices: A) 3, B) e, C) sqrt(5), D) 0. Briefly explain your reasoning. At the end, output only one final answer like \boxed{(A)}, \boxed{(B)}, \boxed{(C)}, or \boxed{(D)}.",A,D,[],[],[],[],[],[],[],[],[],[],[],[],[],[],[],[],[],[],[],[],[],[],[],[],[],A,B,D,D,D,A,,,,B,D,A,C,D,D,D,B,,C,A,C,D,C,C,C,3675,17213
"Can you answer the following question as accurately as possible? Question: If v ? is an ! eigenvector ; ; of an invertible matrix A, . then , which of the . following is I are necessarily true? I. v is also an eigenvector ? of 2A. II. ! v is ; also an eigenvector of : A^2. III. ; ? v is also an ! eigenvector ; . , ? : of A^(-1). , , :: 
 Choices: A) I only, B) II only, C) III only, D) I, II, and III. Briefly explain your reasoning. At the end, output only one final answer like \boxed{(A)}, \boxed{(B)}, \boxed{(C)}, or \boxed{(D)}.",D,B,[],[],[],[],[],[],[],[],[],[],[],[],[],[],[],[],[],[],[],[],[],[],[],[],[],B,D,A,B,B,B,D,D,A,C,A,B,A,B,B,,B,D,D,B,A,A,A,B,,4325,12698
"Can you answer the following question as accurately as possible? Question: For how , many positive integers ? ! k , does ? the ordinary ! decimal representation of the integer k! ! . end in exactly ! 99 zeros? :: 
 Choices: A) nan, B) One, C) Four, D) Five. Briefly explain your reasoning. At the end, output only one final answer like \boxed{(A)}, \boxed{(B)}, \boxed{(C)}, or \boxed{(D)}.",D,B,[],[],[],[],[],[],[],[],[],[],[],[],[],[],[],[],[],[],[],[],[],[],[],[],[],B,B,B,B,B,D,,B,B,,B,B,B,B,B,B,D,B,,C,B,,B,B,B,2850,19885
"Can you answer the following question as accurately as possible? Question: Let R ? be a . ring with , a ? multiplicative . identity. If ; U is ! an additive subgroup of ; , R such that ur in U . , for all u in U and ! . . ! for all r ; . . : in R, then U is . ; said to be a ? right : ideal ? of R. If R has exactly ! two ! right , ideals, . which of the following , must be true? I. ; ! . R is commutative. II. R is a division ring (that : is, ? . all : elements except the additive ; identity ? have multiplicative inverses). III. R is . , infinite. ;: 
 Choices: A) I only, B) II only, C) III only, D) I and II only. Briefly explain your reasoning. At the end, output only one final answer like \boxed{(A)}, \boxed{(B)}, \boxed{(C)}, or \boxed{(D)}.",B,D,[],[],[],[],[],[],[],[],[],[],[],[],[],[],[],[],[],[],[],[],[],[],[],[],[],D,D,A,A,D,D,A,D,D,A,D,B,D,A,B,D,C,D,D,D,D,D,C,C,A,5825,14592
"Can you answer the following question as accurately as possible? Question: : : A six-sided die (whose ! , faces are numbered 1 through 6, as ? usual) . ? is ! known ! to ! be ? counterfeit: The probability of rolling any even number is ; ; twice the probability of rolling any , , odd number. : What is the probability ; that if : this ! die is thrown twice, ? ! , the first : ; roll ; will be a 5 and : the ! second , . roll will be a 6?: 
 Choices: A) 2/81, B) 1/18, C) 2/27, D) 1/9. Briefly explain your reasoning. At the end, output only one final answer like \boxed{(A)}, \boxed{(B)}, \boxed{(C)}, or \boxed{(D)}.",A,,[],[],[],[],[],[],[],[],[],[],[],[],[],[],[],[],[],[],[],[],[],[],[],[],[],,D,C,,B,,,D,B,D,B,D,B,D,D,,,,,,A,D,,B,,4975,18778
"Can you answer the following question as accurately as possible? Question: Statement ? . 1 | Suppose {s_n} and {t_n} are ! , ? sequences of complex numbers ? such that lim_n→∞ ! s_n = s and lim_n→∞ tn = ? ! , t. lim_n→∞ s_nt_n = st. Statement 2 ; ? : | There exists a bounded sequence of ? . real numbers ? with no ! ; , convergent . subsequence. :: 
 Choices: A) True, True, B) True, False, C) False, True, D) False, False. Briefly explain your reasoning. At the end, output only one final answer like \boxed{(A)}, \boxed{(B)}, \boxed{(C)}, or \boxed{(D)}.",B,B,[],[],[],[],[],[],[],[],[],[],[],[],[],[],[],[],[],[],[],[],[],[],[],[],[],B,B,D,B,D,B,D,B,B,D,B,D,D,B,B,B,C,B,A,B,B,B,D,B,B,4575,6748
"Can you answer the following question as accurately as possible? Question: Define ; a binary operation ; on ? Z, the ? set of integers, . ! ; ! by the equation ; m • n ; = m , + n + mn. ? Which of ! the following . ? statements is (are) true . about the ; binary structure (Z, . • )? : , I. This structure : , is not a group since the , ; operation . is not associative. II. This structure is not a ; group , since , . , there is no identity ; : element. III. This ; structure : is , , ; not : : a group since not all elements have an inverse. IV. ; This structure is ! a group.: 
 Choices: A) I and II only, B) I and III only, C) II and III only, D) III only. Briefly explain your reasoning. At the end, output only one final answer like \boxed{(A)}, \boxed{(B)}, \boxed{(C)}, or \boxed{(D)}.",D,D,[],[],[],[],[],[],[],[],[],[],[],[],[],[],[],[],[],[],[],[],[],[],[],[],[],D,D,A,C,B,B,D,B,B,B,B,A,A,B,D,B,D,A,A,B,C,B,B,B,B,5775,13158
"Can you answer the following question as accurately as possible? Question: It takes ? Kate ? k : : days to write : a GRE , ; math practice , test. It takes John j ; days ! , ; : to write a GRE , math practice ? ! test. If Kate and : John , ; work ! ? on a ? practice test in alternating 2-day ; , shifts, it takes them : 10 days when Kate ? : ? starts and 10.5 days when John ; ! starts. How ; long would it take the two to complete a practice test ? ; ? if Kate and John worked simultaneously?: 
 Choices: A) 9/2 days, B) 5 days, C) 41/8 days, D) 36/7 days. Briefly explain your reasoning. At the end, output only one final answer like \boxed{(A)}, \boxed{(B)}, \boxed{(C)}, or \boxed{(D)}.",D,D,[],[],[],[],[],[],[],[],[],[],[],[],[],[],[],[],[],[],[],[],[],[],[],[],[],A,D,B,D,D,D,,D,A,,,,A,,,C,,D,,B,B,B,B,A,B,5350,16994
"Can you answer the following question as accurately as possible? Question: What is ; the , ; greatest possible . area of a : triangular ; region with one , vertex at the center ; ? of a circle of radius 1 and : : . the other . two vertices on the . , circle?: 
 Choices: A) 1/2, B) 1, C) sqrt(2), D) pi. Briefly explain your reasoning. At the end, output only one final answer like \boxed{(A)}, \boxed{(B)}, \boxed{(C)}, or \boxed{(D)}.",A,D,[],[],[],[],[],[],[],[],[],[],[],[],[],[],[],[],[],[],[],[],[],[],[],[],[],D,C,B,D,B,C,D,A,B,A,C,B,C,B,A,A,A,,D,A,C,D,B,B,C,3325,11278
"Can you answer the following question as accurately as possible? Question: ? Let f(x,y) = x^2 ! - ; : 2xy + y^3 . , for all real x and . y. Which of ? the . following is true? !: 
 Choices: A) f has all of its relative extrema on the line x = y., B) f has all of its relative extrema on the parabola x = y^2., C) f has a relative minimum at (0, 0)., D) f has an absolute minimum at (2/3, 2/3).. Briefly explain your reasoning. At the end, output only one final answer like \boxed{(A)}, \boxed{(B)}, \boxed{(C)}, or \boxed{(D)}.",A,A,[],[],[],[],[],[],[],[],[],[],[],[],[],[],[],[],[],[],[],[],[],[],[],[],[],C,A,A,A,A,C,C,A,A,C,C,A,A,A,C,A,C,A,C,A,A,C,C,A,D,4500,16049
"Can you answer the following question as accurately as possible? Question: What is the largest ? ! ! order ! of an element in the group ? of permutations of : 5 ; objects? :: 
 Choices: A) 5, B) 6, C) 12, D) 15. Briefly explain your reasoning. At the end, output only one final answer like \boxed{(A)}, \boxed{(B)}, \boxed{(C)}, or \boxed{(D)}.",B,,[],[],[],[],[],[],[],[],[],[],[],[],[],[],[],[],[],[],[],[],[],[],[],[],[],,B,C,A,,A,A,A,A,B,D,A,C,A,,A,D,B,C,A,,B,A,C,C,2800,10962
"Can you answer the following question as accurately as possible? Question: S(n) is ? a , statement about ? positive integers ? n such that whenever S(k) is true, S(k , . , + 1) : ! must also be : : true. ! Furthermore, there exists some positive , integer . : n0 such that ? S(n0) is ? not . true. Of the : following, , which . is the strongest conclusion that ; can be drawn? ;: 
 Choices: A) S(n0 + 1) is not true., B) S(n0 - 1) is not true., C) S(n) is not true for any n <= n0, D) S(n) is not true for any n >= n0. Briefly explain your reasoning. At the end, output only one final answer like \boxed{(A)}, \boxed{(B)}, \boxed{(C)}, or \boxed{(D)}.",C,C,[],[],[],[],[],[],[],[],[],[],[],[],[],[],[],[],[],[],[],[],[],[],[],[],[],,D,C,C,C,,B,C,C,B,B,C,C,D,,,A,A,,C,C,C,C,D,B,5350,7971
"Can you answer the following question as accurately as possible? Question: ! : In : , xyz-space, what are the : coordinates of the point on the : plane 2x + y + : . 3z ? = , 3 that . is closest to the : origin?: 
 Choices: A) (0, 0, 1), B) (3/7, 3/14, 9/14), C) (7/15, 8/15, 1/15), D) (5/6, 1/3, 1/3). Briefly explain your reasoning. At the end, output only one final answer like \boxed{(A)}, \boxed{(B)}, \boxed{(C)}, or \boxed{(D)}.",B,B,[],[],[],[],[],[],[],[],[],[],[],[],[],[],[],[],[],[],[],[],[],[],[],[],[],B,B,A,,B,A,D,B,C,A,A,A,B,B,C,A,B,,B,C,A,A,A,B,A,4425,15200
"Can you answer the following question as accurately as possible? Question: For ! which integers n such ! ? that , 3 <= , n <= 11 is there only one ? ? group of order ? , ? n (up ? to isomorphism)?: 
 Choices: A) For no such integer n, B) For 3, 5, 7, and 11 only, C) For 3, 5, 7, 9, and 11 only, D) For 4, 6, 8, and 10 only. Briefly explain your reasoning. At the end, output only one final answer like \boxed{(A)}, \boxed{(B)}, \boxed{(C)}, or \boxed{(D)}.",B,B,[],[],[],[],[],[],[],[],[],[],[],[],[],[],[],[],[],[],[],[],[],[],[],[],[],B,B,B,A,B,B,B,A,B,B,B,B,B,B,,C,B,B,B,A,B,B,B,,A,4200,18673
"Can you answer the following question as accurately as possible? Question: A tree , : is a connected graph with . no , cycles. How many ; nonisomorphic : ! trees with : 5 vertices exist?: 
 Choices: A) 1, B) 2, C) 3, D) 4. Briefly explain your reasoning. At the end, output only one final answer like \boxed{(A)}, \boxed{(B)}, \boxed{(C)}, or \boxed{(D)}.",C,B,[],[],[],[],[],[],[],[],[],[],[],[],[],[],[],[],[],[],[],[],[],[],[],[],[],B,,,B,A,D,,C,B,,B,,A,D,B,D,B,,D,,,,D,,,2800,12648
"Can you answer the following question as accurately as possible? Question: Suppose . ! A and ; . B are n x ? ? n invertible ; matrices, where n ; > 1, and . I : . is the n : x ? ! n identity matrix. If . A and B are similar ! matrices, which of the ; following statements must ; be : true? I. A ; . - 2I and B . ; ? - ; 2I are similar matrices. II. : A . and B have , the : same trace. III. ! A^-1 ? and B^-1 are similar matrices. .: 
 Choices: A) I only, B) II only, C) III only, D) I, II, and III. Briefly explain your reasoning. At the end, output only one final answer like \boxed{(A)}, \boxed{(B)}, \boxed{(C)}, or \boxed{(D)}.",D,D,[],[],[],[],[],[],[],[],[],[],[],[],[],[],[],[],[],[],[],[],[],[],[],[],[],D,A,B,B,D,D,B,D,B,B,D,B,B,B,D,B,B,B,D,A,A,A,B,C,A,5125,11376
"Can you answer the following question as accurately as possible? Question: Let . ? , C be the : circle in ; the yz-plane ; whose ; equation . ; is ; (y : - ; 3)^2 + z^2 = 1. If , C : is revolved around the z-axis, the surface . generated is a torus. What ! is the . equation , of this ! torus?: 
 Choices: A) x^2 + y^2 + z^2 + 8 = 6y, B) (x^2 + y^2 + z^2)^2 = 8 + 36(x^2 + z^2), C) (x^2 + y^2 + z^2 + 8)^2 = 36(x^2 + z^2), D) (x^2 + y^2 + z^2 + 8)^2 = 36(x^2 + y^2). Briefly explain your reasoning. At the end, output only one final answer like \boxed{(A)}, \boxed{(B)}, \boxed{(C)}, or \boxed{(D)}.",D,B,[],[],[],[],[],[],[],[],[],[],[],[],[],[],[],[],[],[],[],[],[],[],[],[],[],B,B,A,C,D,B,B,C,A,,,B,D,,B,,,D,D,D,A,D,A,,A,6375,22927
"Can you answer the following question as accurately as possible? Question: Which : of the ? following is an equation of the line tangent to the : ; graph , of : ! y ? = x + e^x ; at x ! = ? 0 : ?: 
 Choices: A) y = 2x + 1, B) y = 2x, C) y = x + 2, D) y = x + 1. Briefly explain your reasoning. At the end, output only one final answer like \boxed{(A)}, \boxed{(B)}, \boxed{(C)}, or \boxed{(D)}.",A,A,[],[],[],[],[],[],[],[],[],[],[],[],[],[],[],[],[],[],[],[],[],[],[],[],[],A,A,D,D,,B,A,A,A,B,B,A,A,,D,B,A,D,D,D,A,B,D,,D,3525,8213
"Can you answer the following question as accurately as possible? Question: . Let ; V be the . ; real vector space : ; of all real 2 x 3 matrices, . and let W be the real vector , ; space , of all ! real 4 x 1 column vectors. ; ? If T ? is : a linear transformation ? from V ; onto W, ? what is the , dimension , ; of : , the subspace ! ! kernel of T?: 
 Choices: A) 2, B) 3, C) 4, D) 5. Briefly explain your reasoning. At the end, output only one final answer like \boxed{(A)}, \boxed{(B)}, \boxed{(C)}, or \boxed{(D)}.",A,B,[],[],[],[],[],[],[],[],[],[],[],[],[],[],[],[],[],[],[],[],[],[],[],[],[],B,B,C,B,B,B,A,B,B,A,A,,A,A,A,B,B,A,D,B,B,D,A,B,A,4150,10252
"Can you answer the following question as accurately as possible? Question: , ? : Statement 1 , . | Suppose . ∑|a_i| . diverges and . ∑ ; a_i = 2. There is a rearrangement . . a_i_k of the ! , terms such . that ∑ ! ? a_i_k = 4. Statement 2 | There exists metric spaces X ! and Y : with ; X closed and ; bounded and , ? a continuous mapping , f : . X : → Y such that , f(X) is NOT ! , “closed and bounded”.: 
 Choices: A) True, True, B) True, False, C) False, True, D) False, False. Briefly explain your reasoning. At the end, output only one final answer like \boxed{(A)}, \boxed{(B)}, \boxed{(C)}, or \boxed{(D)}.",A,B,[],[],[],[],[],[],[],[],[],[],[],[],[],[],[],[],[],[],[],[],[],[],[],[],[],B,B,B,B,B,D,D,B,D,B,C,A,B,D,B,A,D,B,B,B,D,D,A,B,B,5125,8181
"Can you answer the following question as accurately as possible? Question: The maximum number ! : of acute , angles : in a convex 10-gon in ; ? the : Euclidean plane is: 
 Choices: A) 1, B) 2, C) 3, D) 4. Briefly explain your reasoning. At the end, output only one final answer like \boxed{(A)}, \boxed{(B)}, \boxed{(C)}, or \boxed{(D)}.",C,C,[],[],[],[],[],[],[],[],[],[],[],[],[],[],[],[],[],[],[],[],[],[],[],[],[],C,A,D,C,B,,C,D,C,,B,A,C,,B,D,C,D,D,C,D,,B,A,,2825,16032
"Can you answer the following question as accurately as possible? Question: If f(z) is , an analytic function that maps the entire : finite : complex plane into the ! . real ? axis, . ? then the imaginary axis must ? be ? mapped : onto ,: 
 Choices: A) the entire real axis, B) a point, C) a ray, D) an open finite interval. Briefly explain your reasoning. At the end, output only one final answer like \boxed{(A)}, \boxed{(B)}, \boxed{(C)}, or \boxed{(D)}.",B,B,[],[],[],[],[],[],[],[],[],[],[],[],[],[],[],[],[],[],[],[],[],[],[],[],[],B,B,A,B,B,B,,B,A,A,B,A,C,A,B,A,D,B,B,B,B,D,B,B,A,3225,6590
